k scan ll bd1 b0 bs1 br1 s2a sab s2b s2e rho s2z1 s2z2
2 50 -4128.635 -0.385 -77.734 2.284 1.991 55.021 23.478 44.441 0.001 0.562 0.088 0.076
2 100 -3618.98 -0.384 -69.265 1.942 1.612 49.041 28.482 47.974 0.003 0.672 0.084 0.113
2 150 -3108.211 -0.371 -75.779 1.955 2.138 41.153 28.371 55.991 0.007 0.832 0.137 0.159
2 200 -2753.459 -0.343 -72.542 1.889 1.931 41.426 26.261 50.063 0.028 0.939 0.154 0.21
2 250 -2472.363 -0.292 -62.276 1.948 1.31 42.359 28.903 54.992 0.098 0.982 0.239 0.344
2 300 -2255.874 -0.256 -79.71 2.386 1.921 49.746 34.911 52.937 0.258 0.993 0.341 0.392
2 350 -2054.856 -0.23 -54.745 1.595 1.189 43.505 32.252 51.175 0.625 0.997 0.384 0.417
2 400 -1924.786 -0.3 -73.196 2.153 1.689 45.532 31.415 50.083 1.262 0.998 0.415 0.758
2 450 -1915.832 -0.302 -90.222 2.727 2.089 44.592 18.643 40.73 1.312 0.999 0.526 0.49
2 500 -1858.278 -0.324 -75.285 2.03 1.936 44.349 23.914 38.081 1.505 0.999 0.768 0.59
2 550 -1870.574 -0.246 -60.488 1.585 1.395 43.139 24.585 42.756 1.568 0.998 0.742 0.749
2 600 -1892.649 -0.268 -72.464 1.726 2.033 40.791 27.924 55.998 1.227 0.998 0.838 0.675
2 650 -1875.812 -0.274 -58.874 1.443 1.643 43.889 22.769 43.513 1.338 0.998 1.072 0.98
2 700 -1889.374 -0.294 -62.594 1.502 1.711 37.68 21.06 45.929 1.374 0.998 0.557 0.603
2 750 -1906.583 -0.303 -61.811 1.407 1.766 48.89 30.406 55.078 1.422 0.998 0.725 0.713
2 800 -1865.721 -0.213 -79.579 2.036 2.156 32.519 17.552 34.786 1.472 0.996 1.206 0.848
2 850 -1819.122 -0.245 -64.393 1.492 1.755 51.76 35.519 57.58 1.583 0.996 0.832 0.601
2 900 -1864.503 -0.243 -76.01 2.144 1.844 37.155 22.552 48.88 1.27 0.996 0.757 0.827
2 950 -1859.339 -0.267 -59.246 1.553 1.368 31.623 15.117 36.021 1.394 0.997 0.817 1.069
2 1000 -1856.762 -0.181 -78.484 2.128 1.85 48.794 34.777 58.208 1.456 0.997 0.71 1.226
2 1050 -1842.881 -0.243 -83.45 2.083 2.275 36.12 24.012 49.807 1.426 0.997 0.85 1.521
2 1100 -1844.369 -0.174 -72.431 1.606 2.074 34.004 22.129 45.702 1.628 0.997 0.988 1.173
2 1150 -1840.194 -0.248 -73.11 1.987 1.813 46.227 28.208 44.427 1.625 0.997 0.984 0.785
2 1200 -1861.512 -0.216 -64.23 1.99 1.456 32.638 17.412 35.57 1.468 0.996 0.771 1.03
2 1250 -1870.258 -0.238 -62.466 1.549 1.622 36.133 28.137 56.752 1.518 0.996 0.564 1.29
2 1300 -1813.093 -0.305 -76.055 1.874 2.185 44.635 32.711 60.63 1.479 0.995 0.833 1.089
2 1350 -1826.789 -0.27 -77.032 1.929 2.095 33.1 20.899 51.402 2.058 0.997 0.666 0.949
2 1400 -1818.91 -0.268 -80.157 1.998 2.394 38.659 20.451 42.709 1.509 0.997 0.608 1.299
2 1450 -1827.141 -0.284 -58.917 1.417 1.643 32.893 8.856 33.799 1.904 0.997 0.646 1.284
2 1500 -1863.743 -0.292 -51.731 1.062 1.488 42.387 25.475 42.933 1.494 0.996 0.578 1.301
2 1550 -1851.055 -0.327 -47.568 1.212 1.121 39.263 18.355 35.278 1.49 0.995 0.659 1.743
2 1600 -1856.224 -0.249 -55.542 1.386 1.4 32.705 14.384 30.568 1.384 0.996 0.628 1.48
2 1650 -1868.196 -0.214 -60.362 1.528 1.627 30.315 15.148 34.457 1.514 0.996 0.722 1.192
2 1700 -1904.712 -0.272 -75.653 2.122 1.972 32.318 10.755 30.516 1.334 0.994 0.654 1.376
2 1750 -1858.039 -0.221 -53.715 1.292 1.393 31.126 12.008 30.477 1.495 0.995 1.155 1.489
2 1800 -1876.216 -0.3 -47.656 1.204 1.22 32.745 20.362 32.686 1.308 0.994 0.602 1.661
2 1850 -1828.918 -0.307 -60.609 1.651 1.435 33.327 17.051 33.024 1.39 0.995 0.617 2.21
2 1900 -1854.209 -0.239 -71.793 2.057 1.738 26.48 10.889 31.956 1.507 0.996 0.806 1.814
2 1950 -1873.858 -0.319 -44.252 1.257 0.805 39.163 21.965 44.336 1.334 0.996 0.453 2.018
2 2000 -1835.501 -0.235 -63.614 1.911 1.373 28.826 10.513 30.394 1.443 0.995 0.669 1.644
2 2050 -1861.077 -0.27 -67.499 1.79 1.877 34.178 18.785 36.587 1.536 0.997 0.648 1.249
2 2100 -1838.91 -0.283 -59.34 1.604 1.418 31.094 13.645 41.712 1.502 0.995 0.669 1.75
2 2150 -1844.793 -0.193 -66.966 1.968 1.517 27.038 6.949 30.772 1.32 0.995 0.704 1.677
2 2200 -1860.354 -0.26 -52.19 1.765 0.901 26.676 11.557 30.876 1.474 0.996 0.507 1.549
2 2250 -1830.851 -0.222 -54.612 1.611 1.177 31.975 17.475 34.484 1.421 0.997 0.65 1.907
2 2300 -1851.099 -0.25 -55.369 1.309 1.527 26.791 14.565 37.641 1.355 0.996 0.667 1.585
2 2350 -1838.102 -0.255 -56.783 1.527 1.333 21.494 11.659 36.995 1.554 0.996 0.567 1.548
2 2400 -1836.906 -0.27 -48.17 1.199 1.148 25.937 11.349 28.794 1.592 0.996 0.812 1.623
2 2450 -1844.151 -0.284 -57.854 1.67 1.272 24.136 7.339 31.685 1.502 0.997 0.788 1.902
2 2500 -1799.303 -0.224 -56.23 1.392 1.54 28.779 15.453 33.403 1.478 0.997 0.857 2.266
2 2550 -1858.205 -0.304 -68.761 1.92 1.692 26.285 9.552 23.87 1.479 0.997 0.991 1.649
2 2600 -1814.072 -0.302 -59.602 1.558 1.446 37.413 8.586 28.399 1.963 0.997 0.817 1.718
2 2650 -1872.8 -0.243 -66.818 1.913 1.636 25.15 11.866 36.071 1.483 0.996 0.416 1.761
2 2700 -1869.062 -0.225 -63.796 1.976 1.368 29.96 10.42 37.157 1.433 0.996 0.911 1.83
2 2750 -1853.176 -0.277 -60.896 1.892 1.327 21.668 9.967 27.166 1.694 0.996 0.996 2.397
2 2800 -1830.452 -0.295 -59.596 1.758 1.302 32.113 16.375 41.774 1.54 0.996 0.963 1.692
2 2850 -1871.396 -0.267 -61.406 1.758 1.437 27.398 11.851 42.356 1.722 0.996 0.825 1.707
2 2900 -1848.31 -0.283 -57.258 1.822 1.159 26.819 10.252 28.414 1.798 0.995 0.802 1.443
2 2950 -1826.8 -0.274 -61.865 1.83 1.407 25.095 7.373 34.228 1.768 0.994 0.564 1.578
2 3000 -1847.937 -0.195 -48.234 1.431 0.945 25.441 12.056 31.176 1.688 0.994 0.702 1.212
2 3050 -1834.895 -0.297 -63.759 1.681 1.721 24.57 8.016 32.428 1.51 0.992 0.65 1.318
2 3100 -1834.308 -0.32 -62.46 1.606 1.745 23.821 13.132 38.251 1.531 0.993 0.775 1.189
2 3150 -1826.653 -0.326 -61.657 1.348 1.87 27.936 5.688 25.455 1.483 0.992 0.781 1.701
2 3200 -1844.486 -0.245 -69.255 1.962 1.768 20.84 7.457 28.874 1.57 0.992 0.691 1.345
2 3250 -1842.577 -0.248 -42.129 0.943 1.05 25.049 10.19 30.909 1.375 0.99 0.743 1.668
2 3300 -1832.983 -0.238 -41.234 0.803 1.154 25.629 10.162 31.383 1.359 0.988 0.64 1.534
2 3350 -1803.249 -0.269 -49.372 1.064 1.441 23.728 5.298 28.594 1.449 0.99 0.816 1.59
2 3400 -1828.599 -0.231 -47.865 0.958 1.459 19.833 6.333 27.769 1.634 0.991 0.676 1.112
2 3450 -1841.489 -0.246 -68.202 1.626 2.068 29.011 10.918 36.332 1.678 0.99 0.747 1.555
2 3500 -1852.786 -0.286 -32.657 0.95 0.442 22.278 7.184 30.569 1.384 0.988 0.647 2.242
2 3550 -1815.153 -0.306 -40.791 1.005 0.948 26.164 7.525 23.007 1.621 0.99 0.626 1.483
2 3600 -1862.63 -0.284 -48.891 1.339 1.159 23.453 7.272 26.081 1.593 0.993 0.523 1.358
2 3650 -1830.644 -0.235 -46.088 1.224 1.107 22.427 5.678 30.894 1.429 0.992 0.584 1.442
2 3700 -1876.323 -0.274 -58.14 1.712 1.325 26.131 10.897 33.806 1.424 0.99 0.741 1.4
2 3750 -1853.552 -0.268 -65 1.47 1.997 19.903 3.225 25.337 1.451 0.993 0.928 1.221
2 3800 -1838.627 -0.234 -45.553 1.021 1.286 24.288 10.607 28.1 1.603 0.993 1 1.349
2 3850 -1821.007 -0.186 -42.695 1.157 0.989 26.976 9.883 31.85 1.501 0.99 0.896 1.227
2 3900 -1878.687 -0.256 -54.968 1.502 1.276 26.471 9.191 33.117 1.323 0.988 0.883 1.421
2 3950 -1854.102 -0.27 -40.808 0.931 1.031 22.837 7.388 26.481 1.501 0.989 0.632 1.391
2 4000 -1867.705 -0.242 -44.75 0.98 1.178 18.73 2.115 26.647 1.236 0.988 0.732 1.376
2 4050 -1856.855 -0.198 -52.748 1.267 1.368 24.382 12.641 30.92 1.413 0.989 0.742 1.31
2 4100 -1891.193 -0.225 -43.8 0.987 1.124 23.723 12.029 35.996 1.217 0.988 0.467 1.13
2 4150 -1831.409 -0.236 -51.07 1.344 1.246 19.084 3.573 25.929 1.6 0.99 0.58 1.363
2 4200 -1880.02 -0.338 -29.996 0.754 0.541 21.557 10.75 36.411 1.441 0.99 0.717 1.684
2 4250 -1874.672 -0.271 -48.157 1.366 1.096 29.024 8.826 28.932 1.376 0.989 0.575 1.488
2 4300 -1844.832 -0.245 -61.101 1.816 1.42 20.474 10.775 36.858 1.386 0.989 0.645 1.803
2 4350 -1862.97 -0.213 -52.088 1.666 0.916 24.564 7.96 31.267 1.284 0.991 1.077 2.004
2 4400 -1880.252 -0.284 -43.567 1.347 0.807 21.719 8.471 32.403 1.267 0.99 0.686 2.468
2 4450 -1845.172 -0.198 -49.575 1.342 1.271 21.521 7.795 26.558 1.386 0.991 0.442 1.716
2 4500 -1817.371 -0.248 -39.048 1.097 0.842 18.868 8.245 31.682 1.514 0.988 0.57 1.693
2 4550 -1820.543 -0.274 -44.32 1.284 0.841 25.49 7.301 30.462 1.38 0.987 0.908 1.872
2 4600 -1850.825 -0.242 -44.223 1.126 1.022 24.639 15.168 34.146 1.316 0.988 0.76 1.862
2 4650 -1857.066 -0.15 -48.326 1.137 1.206 26.598 11.896 29.914 1.249 0.986 0.902 1.542
2 4700 -1839.192 -0.171 -49.969 1.421 1.155 24.247 3.312 33.024 1.405 0.986 0.667 2.028
2 4750 -1826.727 -0.247 -42.698 1.018 1.092 18.449 7.456 30.413 1.376 0.979 0.478 1.526
2 4800 -1845.482 -0.28 -33.416 0.475 1.011 19.9 3.129 26.875 1.336 0.98 0.731 1.807
2 4850 -1835.309 -0.197 -30.599 0.763 0.568 18.406 7.763 40.009 1.532 0.987 0.875 1.654
2 4900 -1828.435 -0.27 -53.361 1.5 1.33 22.945 9.176 29.291 1.529 0.987 0.73 1.842
2 4950 -1848.877 -0.286 -31.768 0.664 0.816 20.352 4.839 27.571 1.913 0.988 0.447 1.209
2 5000 -1841.156 -0.242 -48.932 1.104 1.321 22.666 7.154 27.935 1.743 0.986 0.411 1.3
2 5050 -1845.327 -0.247 -34.289 0.681 0.884 24.812 9.076 28.278 1.589 0.985 0.46 1.852
2 5100 -1893.331 -0.278 -44.952 1.165 1.106 27.638 10.598 26.087 1.459 0.981 0.556 1.49
2 5150 -1840.057 -0.218 -49.236 1.357 1.104 22.324 9.4 35.077 1.412 0.973 0.412 1.202
2 5200 -1850.599 -0.278 -36.786 0.892 0.8 23.544 9.1 27.04 1.579 0.975 0.814 1.891
2 5250 -1818.877 -0.269 -48.053 1.161 1.22 23.83 8.72 27.825 1.764 0.975 0.602 1.504
2 5300 -1810.576 -0.21 -34.784 0.735 0.821 28.013 9.17 29.595 1.781 0.974 0.59 1.404
2 5350 -1871.01 -0.21 -51.778 1.161 1.433 20.894 7.678 26.584 1.45 0.966 0.537 1.673
2 5400 -1801.759 -0.277 -48.014 0.913 1.514 23.795 10.572 30.494 1.712 0.974 0.459 1.406
2 5450 -1829.753 -0.258 -31.646 0.593 0.874 25.091 9.414 23.113 1.647 0.968 0.6 1.605
2 5500 -1860.3 -0.315 -59.633 1.494 1.661 19.664 8.266 32.19 1.501 0.967 0.661 1.393
2 5550 -1825.528 -0.283 -38.071 0.876 0.955 20.467 4.071 26.999 1.552 0.977 0.514 1.632
2 5600 -1854.001 -0.254 -53.216 1.348 1.418 22.464 11.026 37.079 1.548 0.981 0.608 1.911
2 5650 -1843.263 -0.253 -42.752 1.197 0.914 19.342 8.906 26.224 1.273 0.982 0.413 1.571
2 5700 -1859.188 -0.293 -50.806 1.28 1.321 24.742 7.06 23.995 1.607 0.983 0.48 1.842
2 5750 -1818.917 -0.293 -39.045 0.827 1.058 19.891 8.473 23.472 1.519 0.979 0.518 1.557
2 5800 -1874.019 -0.237 -55.667 1.292 1.587 27.187 14.029 33.653 1.435 0.977 0.934 1.889
2 5850 -1811.955 -0.232 -46.575 1.186 1.285 30.271 7.455 28.611 1.376 0.974 0.789 2.134
2 5900 -1830.714 -0.22 -50.036 1.26 1.246 24.799 6.938 23.203 1.479 0.981 0.979 1.499
2 5950 -1817.679 -0.226 -47.1 1.098 1.257 27.174 13.135 25.673 1.628 0.987 0.768 1.745
2 6000 -1839.415 -0.235 -54.396 1.482 1.241 21.403 8.769 26.19 1.851 0.992 0.694 1.592
2 6050 -1845.368 -0.171 -50.024 1.289 1.278 23.559 10.099 24.71 1.559 0.99 0.927 1.808
2 6100 -1849.64 -0.293 -44.447 1.116 1.118 27.486 10.925 28.593 1.792 0.992 0.695 1.462
2 6150 -1836.345 -0.223 -41.017 0.888 1.064 27.741 13.06 31.164 1.507 0.99 1.298 1.759
2 6200 -1789.901 -0.264 -46.259 1.126 1.138 27.795 8.036 33.506 1.458 0.991 1.134 1.455
2 6250 -1805.215 -0.313 -51.603 1.35 1.306 21.806 6.666 21.6 1.736 0.994 0.818 1.597
2 6300 -1811.649 -0.215 -56.616 1.418 1.548 26.463 11.028 30.378 1.711 0.995 0.907 1.761
2 6350 -1825.533 -0.189 -48.286 1.094 1.397 24.128 11.335 30.798 1.681 0.995 0.718 2.389
2 6400 -1814.167 -0.251 -48.978 1.443 0.905 23.339 11.766 29.113 1.589 0.994 1.032 1.677
2 6450 -1824.54 -0.269 -52.935 1.359 1.383 21.781 9.577 25.831 1.757 0.992 1.182 1.486
2 6500 -1788.37 -0.278 -50.651 1.348 1.294 24.773 8.939 21.564 2.083 0.992 0.917 1.508
2 6550 -1795.91 -0.197 -40.256 1.15 0.675 19.52 2.536 25.848 2.087 0.994 1.015 1.815
2 6600 -1807.535 -0.233 -38.934 1.104 0.818 24.123 6.425 19.764 1.526 0.991 0.925 1.994
2 6650 -1814.259 -0.232 -48.54 1.515 0.947 27.744 9.828 21.46 1.606 0.99 0.845 1.609
2 6700 -1840.589 -0.2 -49.933 1.238 1.241 24.194 5.517 20.79 1.368 0.99 1.113 1.359
2 6750 -1856.983 -0.166 -34.344 0.756 0.852 22.956 11.439 27.703 1.432 0.991 0.718 1.64
2 6800 -1815.995 -0.189 -50.715 1.155 1.351 22.39 6.417 22.053 1.576 0.989 0.566 1.49
2 6850 -1834.308 -0.231 -49.282 1.207 1.3 22.892 7.58 23.253 1.318 0.985 0.813 1.913
2 6900 -1851.233 -0.237 -49.627 1.388 1.171 22.765 7.126 24.687 1.407 0.984 0.575 2.12
2 6950 -1846.463 -0.19 -47.405 1.321 1.033 20.256 5.981 16.442 1.341 0.978 0.465 1.721
2 7000 -1834.91 -0.115 -56.563 1.637 1.312 22.063 6.786 21.437 1.496 0.984 0.807 2.308
2 7050 -1855.656 -0.254 -43.153 1.071 1.13 19.611 10.996 27.133 1.377 0.976 0.437 1.26
2 7100 -1835.387 -0.244 -57.273 1.327 1.654 26.274 3.492 21.437 1.618 0.976 0.324 1.742
2 7150 -1853.993 -0.247 -52.56 1.164 1.618 20.264 8.19 32.268 1.66 0.976 0.606 1.718
2 7200 -1822.65 -0.188 -49.091 1.336 1.12 23.836 8.853 27.025 1.54 0.971 0.788 1.508
2 7250 -1886.44 -0.269 -43.906 1.072 1.131 21.952 7.944 23.876 1.565 0.975 0.863 1.651
2 7300 -1863.174 -0.234 -43.546 1.217 0.984 20.987 8.661 28.25 1.54 0.971 1.001 1.196
2 7350 -1862.497 -0.212 -41.789 1.013 1.068 27.124 13.464 27.208 1.291 0.973 1.186 1.175
2 7400 -1878.541 -0.199 -52.553 1.418 1.206 22.699 9.381 26.528 1.31 0.969 1.038 1.202
2 7450 -1860.997 -0.235 -49.797 1.17 1.394 30.114 7.679 23.591 1.428 0.977 0.94 0.995
2 7500 -1858.065 -0.252 -47.788 1.169 1.287 21.724 6.565 21.284 1.638 0.981 0.733 1.084
2 7550 -1845.761 -0.201 -34.167 0.67 0.952 19.687 6.024 19.6 1.37 0.973 0.583 1.352
2 7600 -1860.672 -0.201 -49.565 0.954 1.547 21.813 9.805 29.652 1.333 0.976 0.579 0.893
2 7650 -1891.628 -0.297 -36.792 0.828 0.917 21.201 9.703 22.362 1.662 0.979 0.656 1.086
2 7700 -1871.552 -0.288 -53.475 1.617 1.218 26.259 11.345 26.522 1.646 0.971 0.841 0.829
2 7750 -1847.402 -0.301 -43.61 0.968 1.242 21.237 4.142 17.529 1.698 0.972 0.604 1.087
2 7800 -1864.492 -0.263 -61.448 1.374 1.892 19.302 7.746 30.782 1.631 0.972 0.831 1.867
2 7850 -1833.831 -0.277 -53.216 1.405 1.361 30.038 12.025 26.467 1.806 0.97 0.671 1.992
2 7900 -1838.387 -0.248 -46.396 0.899 1.437 24.663 6.17 19.451 1.429 0.972 0.466 1.749
2 7950 -1840.474 -0.288 -43.598 0.963 1.265 20.6 8.621 30.41 1.754 0.984 0.443 1.29
2 8000 -1836.45 -0.261 -38.506 0.75 1.112 25.227 14.297 40.403 1.581 0.98 0.458 1.362
2 8050 -1855.909 -0.226 -48.556 1.221 1.251 20.417 7.113 25.908 1.37 0.975 0.459 1.613
2 8100 -1857.399 -0.314 -48.896 1.138 1.301 24.049 7.692 23.942 1.441 0.98 0.682 1.372
2 8150 -1847.83 -0.281 -34.684 0.659 0.959 19.154 12.015 31.414 1.674 0.984 0.757 1.213
2 8200 -1812.495 -0.236 -47.78 1.138 1.255 19.67 10.683 24.567 1.587 0.986 0.747 0.935
2 8250 -1828.597 -0.217 -34.261 0.72 0.792 23.189 8.965 24.68 1.516 0.985 0.597 0.828
2 8300 -1831.647 -0.264 -37.539 0.92 0.912 21.012 6.162 28.941 1.42 0.972 0.835 1.789
2 8350 -1849.439 -0.213 -54.638 1.452 1.318 24.238 7.166 24.116 1.705 0.98 0.879 1.344
2 8400 -1840.133 -0.345 -50.275 1.525 1.098 27.227 7.44 25.615 1.635 0.983 0.725 1.422
2 8450 -1871.531 -0.29 -52.206 1.575 1.208 23.276 6.313 30.945 1.684 0.982 0.681 1.412
2 8500 -1876.147 -0.271 -52.814 1.297 1.38 26.362 8.484 26.812 1.375 0.98 0.828 1.576
2 8550 -1873.702 -0.305 -48.226 1.408 1.059 23.774 7.158 24.704 1.682 0.981 0.892 1.171
2 8600 -1888.643 -0.331 -48.918 1.043 1.332 27.226 10.839 30.138 1.537 0.981 0.89 1.335
2 8650 -1886.976 -0.305 -48.617 1.157 1.321 21.906 5.807 25.363 1.531 0.983 0.892 1.267
2 8700 -1879.622 -0.256 -51.779 1.172 1.456 20.45 8.273 25.175 1.44 0.981 1.084 0.858
2 8750 -1841.765 -0.324 -54.536 1.123 1.769 18.932 7.494 25.431 2.014 0.986 0.802 1.026
2 8800 -1815.35 -0.292 -59.503 1.356 1.801 27.22 6.16 20.003 1.784 0.985 0.838 0.981
2 8850 -1837.99 -0.256 -42.075 0.737 1.426 23.289 9.647 32.036 1.623 0.982 1.136 0.891
2 8900 -1886.57 -0.214 -60.448 1.396 1.875 24.872 7.088 29.247 1.369 0.978 1.114 0.902
2 8950 -1879.563 -0.24 -64.736 1.659 1.772 27.36 10.722 28.668 1.327 0.986 0.872 1.111
2 9000 -1875.994 -0.251 -58.578 1.671 1.479 20.82 8.574 32.557 1.398 0.983 0.882 0.995
2 9050 -1828.511 -0.179 -51.153 1.277 1.4 29.533 10.834 29.019 1.357 0.983 1.005 1.189
2 9100 -1853.861 -0.253 -48.014 0.953 1.431 25.651 2.019 21.902 1.503 0.987 1.577 1.008
2 9150 -1838.945 -0.185 -40.567 0.907 1.055 20.548 7.798 25.325 1.54 0.984 1.663 1.002
2 9200 -1841.909 -0.204 -45.517 1.154 1.063 18.829 4.872 22.979 1.572 0.988 1.726 0.745
2 9250 -1876.092 -0.232 -42.173 1.1 0.873 32.419 10.067 23.97 1.444 0.985 1.449 0.601
2 9300 -1883.869 -0.262 -51.024 1.096 1.444 23.254 9.89 24.322 1.342 0.983 1.846 0.655
2 9350 -1865.495 -0.299 -58.326 1.511 1.632 23.579 7.082 24.67 1.582 0.985 1.129 0.812
2 9400 -1887.806 -0.219 -54.555 1.595 1.163 22.229 10.155 28.585 1.252 0.983 1.364 0.866
2 9450 -1872.549 -0.269 -50.44 1.425 1.144 27.017 6.793 27.923 1.53 0.986 1.532 0.864
2 9500 -1845.175 -0.317 -45.537 1.306 0.983 19.498 5.063 22.484 1.36 0.985 1.385 0.48
2 9550 -1874.119 -0.259 -39.963 1.095 0.753 25.46 13.745 26.418 1.39 0.982 1.327 0.599
2 9600 -1838.988 -0.311 -49.399 1.49 1.041 23.651 7.618 19.929 1.437 0.983 1.83 0.548
2 9650 -1862.5 -0.229 -48.543 1.346 1.103 21.186 5.068 24.348 1.286 0.982 1.679 0.666
2 9700 -1886.216 -0.223 -42.506 1.024 1.142 21.676 5.799 24.129 1.235 0.981 1.356 0.607
2 9750 -1872.214 -0.194 -46.643 1.333 0.997 26.465 4.618 19.467 1.39 0.984 1.457 0.461
2 9800 -1846.048 -0.262 -44.115 1.004 1.149 20.229 7.391 27.422 1.525 0.986 1.784 0.661
2 9850 -1848.712 -0.202 -53.733 1.417 1.358 23.691 6.426 22.527 1.588 0.987 1.854 0.585
2 9900 -1840.307 -0.198 -43.494 1.037 1.236 33.982 8.018 27.139 1.513 0.983 1.985 0.575
2 9950 -1882.413 -0.26 -48.471 1.2 1.247 19.253 4.803 19.939 1.627 0.985 2.12 0.491
2 10000 -1819.213 -0.287 -28.508 0.634 0.6 25.229 5.585 18.114 1.543 0.986 2.112 0.449
2 10050 -1811.264 -0.253 -51.285 1.393 1.236 24.482 4.519 15.943 1.468 0.985 2.053 0.626
2 10100 -1866.049 -0.2 -33.271 0.824 0.793 27.214 3.149 19.267 1.325 0.981 1.687 1.068
2 10150 -1837.067 -0.227 -40.945 0.773 1.191 26.413 5.808 21.844 1.389 0.984 1.702 0.925
2 10200 -1842.856 -0.211 -35.548 0.777 0.889 22.592 8.138 25.946 1.287 0.985 2.119 0.866
2 10250 -1835.518 -0.24 -44.722 1.234 0.991 27.586 11.324 23.901 1.68 0.983 1.903 0.674
2 10300 -1841.651 -0.159 -42.596 1.091 1.072 28.752 14.602 37.699 1.482 0.985 1.825 0.489
2 10350 -1881.36 -0.18 -34.037 0.673 0.854 23.198 7.95 20.135 1.406 0.986 1.808 0.557
2 10400 -1861.757 -0.203 -38.533 0.709 1.082 29.498 9.494 27.54 1.509 0.987 1.472 0.383
2 10450 -1800.809 -0.263 -50.001 1.257 1.202 28.259 9.139 28.14 1.83 0.988 1.847 0.77
2 10500 -1827.273 -0.214 -73.696 1.821 2.157 21.758 7.667 28.737 1.678 0.99 2.27 0.688
2 10550 -1813.119 -0.265 -46.842 1.16 1.15 31.555 12.714 23.945 1.897 0.991 2.076 0.671
2 10600 -1802.982 -0.243 -41.414 0.828 1.212 22.042 3.317 21.978 1.9 0.992 1.89 0.706
2 10650 -1795.863 -0.286 -46.016 1.151 1.121 23.578 10.677 29.471 1.777 0.991 1.983 0.688
2 10700 -1819.591 -0.322 -48.607 1.27 1.216 18.097 8.641 26.449 1.769 0.992 2.066 0.605
2 10750 -1846.101 -0.18 -40.519 0.78 1.054 28.583 11.365 28.511 1.387 0.99 1.721 0.839
2 10800 -1853.235 -0.239 -30.993 0.805 0.617 27.667 9.568 23.914 1.384 0.99 2.346 0.573
2 10850 -1860.262 -0.225 -37.819 0.778 0.95 22.97 10.737 29.329 1.357 0.988 1.515 0.648
2 10900 -1842.877 -0.187 -33.877 0.807 0.776 29.193 13.885 32.621 1.472 0.982 1.405 0.792
2 10950 -1876.515 -0.249 -36.515 0.892 0.798 25.491 7.469 21.779 1.48 0.981 1.444 0.608
2 11000 -1859.016 -0.233 -36.87 0.876 0.821 24.179 10.39 23.244 1.309 0.979 1.218 0.504
2 11050 -1894.113 -0.306 -34.492 0.878 0.669 25.233 7.77 23.168 1.227 0.975 1.45 0.439
2 11100 -1877.898 -0.293 -51.054 1.524 1.309 22.764 10.659 28.45 1.34 0.976 1.342 0.781
2 11150 -1859.14 -0.223 -43.364 1.266 0.846 30.19 11.994 24.585 1.194 0.972 1.834 0.776
2 11200 -1833.879 -0.112 -53.574 1.5 1.191 32.873 8.467 19.922 1.378 0.975 1.522 1.044
2 11250 -1829.338 -0.227 -34.484 0.749 0.844 23.353 6.563 29.212 1.435 0.981 2.005 0.933
2 11300 -1824.522 -0.159 -36.421 0.861 0.912 28.785 10.887 20.428 1.564 0.984 1.921 0.661
2 11350 -1843.37 -0.233 -50.905 1.253 1.373 28.011 4.844 20.979 1.488 0.984 1.835 0.772
2 11400 -1816.103 -0.218 -44.877 0.906 1.322 23.572 5.645 22.705 1.578 0.981 2.14 0.721
2 11450 -1829.196 -0.265 -22.293 0.216 0.507 31.264 11.126 23.916 1.524 0.979 1.676 0.485
2 11500 -1854.869 -0.187 -32.619 0.61 0.865 29.258 9.805 26.369 1.581 0.982 1.837 0.684
2 11550 -1814.609 -0.195 -50.461 1.115 1.476 30.503 11.762 22.045 1.618 0.988 1.394 1.139
2 11600 -1837.468 -0.249 -51.797 1.138 1.483 35.232 7.535 19.252 1.791 0.991 1.828 0.825
2 11650 -1888.055 -0.279 -52.113 1.18 1.486 25.831 5.19 19.19 1.398 0.988 2.038 0.853
2 11700 -1873.623 -0.285 -42.683 1.278 0.891 32.08 5.625 20.647 1.375 0.99 1.851 0.944
2 11750 -1871.515 -0.332 -52.871 1.599 1.125 22.791 7.718 19.126 1.534 0.992 1.504 1.033
2 11800 -1848.779 -0.304 -37.339 1.063 0.756 26.658 11.174 27.803 1.516 0.993 1.554 0.841
2 11850 -1867.207 -0.327 -50.727 1.608 1.004 19.385 4.595 25.29 1.54 0.993 1.531 0.677
2 11900 -1889.312 -0.163 -52.64 1.686 1.049 33.813 7.735 20.141 1.32 0.993 1.665 0.826
2 11950 -1866.393 -0.211 -48.321 1.433 0.908 35.426 10.039 21.483 1.154 0.992 1.647 0.888
2 12000 -1839.223 -0.248 -39.825 0.809 1.098 23.538 7.191 26.378 1.479 0.995 1.903 0.896
2 12050 -1834.945 -0.23 -50.302 1.085 1.416 21.684 8.556 23.073 1.656 0.994 2.109 0.84
2 12100 -1836.976 -0.22 -50.737 1.403 1.202 23.35 5.4 19.676 1.699 0.993 2.175 0.563
2 12150 -1848.717 -0.226 -43.661 0.999 1.093 21.543 3.614 22.651 1.38 0.993 2.702 0.774
2 12200 -1807.285 -0.255 -43.185 1.095 1.084 38.107 10.165 25.543 1.89 0.994 2.643 0.586
2 12250 -1822.967 -0.229 -46.361 1.227 1.128 27.863 10.765 22.812 1.825 0.989 2.134 0.37
2 12300 -1846.939 -0.19 -53.133 1.381 1.274 23.236 7.507 26.413 1.848 0.99 1.936 0.566
2 12350 -1839.938 -0.199 -44.019 1.177 0.975 23.611 9.347 21.406 1.741 0.99 1.877 0.578
2 12400 -1837.636 -0.219 -31.699 0.874 0.55 23.468 6.965 23.256 1.593 0.988 1.266 0.563
2 12450 -1835.618 -0.248 -53.76 1.572 1.158 31.699 11.729 25.387 1.333 0.983 1.779 0.597
2 12500 -1845.291 -0.175 -51.795 1.54 1.116 25.667 8.789 23.537 1.54 0.986 1.888 0.575
2 12550 -1855.893 -0.229 -56.368 1.354 1.523 25.291 8.141 26.07 1.341 0.987 1.354 0.426
2 12600 -1832.246 -0.22 -49.112 1.099 1.284 22.346 7.936 22.317 1.54 0.986 2.302 0.497
2 12650 -1832.659 -0.248 -55.458 1.467 1.379 20.731 2.698 21.521 1.455 0.982 1.897 0.522
2 12700 -1831.326 -0.277 -58.363 1.62 1.43 25.48 8.558 19.461 1.556 0.98 1.752 0.597
2 12750 -1816.861 -0.221 -50.806 1.215 1.314 27.675 8.851 21.21 1.314 0.981 1.759 0.517
2 12800 -1854.321 -0.274 -54.083 1.604 1.276 25.029 5.464 18.574 1.577 0.983 1.292 0.567
2 12850 -1848.226 -0.285 -48.298 1.522 0.957 27.836 2.249 24.642 1.468 0.984 1.578 0.609
2 12900 -1860.09 -0.273 -56.562 1.593 1.369 19.868 3.242 15.838 1.49 0.984 1.846 0.654
2 12950 -1861.381 -0.26 -54.484 1.419 1.449 24.751 9.821 21.099 1.344 0.983 2.092 0.692
2 13000 -1801.651 -0.249 -58.182 1.38 1.709 25.16 10.482 22.065 1.52 0.986 2.264 0.534
2 13050 -1851.052 -0.239 -50.438 1.065 1.43 35.262 10.576 25.301 1.324 0.982 2.007 0.533
2 13100 -1847.086 -0.304 -51.159 1.161 1.463 30.088 8.052 18.776 1.483 0.987 2.19 0.439
2 13150 -1843.958 -0.228 -45.405 0.903 1.346 22.037 7.792 19.067 1.502 0.988 2.295 0.51
2 13200 -1858.037 -0.244 -64.391 1.62 1.727 21.876 6.147 20.059 1.622 0.989 1.715 0.509
2 13250 -1825.076 -0.285 -56.342 1.352 1.644 20.685 7.858 23.116 1.462 0.985 1.846 0.437
2 13300 -1857.625 -0.265 -46.046 0.983 1.32 27.13 4.38 15.741 1.486 0.981 1.684 0.368
2 13350 -1872.716 -0.242 -48.608 1.271 1.172 24.732 8.166 27.496 1.482 0.979 1.653 0.455
2 13400 -1884.468 -0.29 -41.823 0.858 1.292 25.658 7.205 17.479 1.569 0.985 1.565 0.607
2 13450 -1871.723 -0.209 -55.91 1.318 1.611 31.73 6.864 23.014 1.691 0.986 1.215 0.628
2 13500 -1812.431 -0.229 -44.415 1.008 1.227 22.023 5.348 24.373 1.818 0.986 1.938 0.837
2 13550 -1837.814 -0.229 -42.505 0.843 1.139 30.506 5.432 20.646 1.435 0.985 1.821 0.677
2 13600 -1840.721 -0.207 -50.743 0.958 1.61 22.581 9.101 25.415 1.493 0.988 1.844 0.741
2 13650 -1866.85 -0.241 -54.507 1.236 1.551 31.38 4.639 18.374 1.402 0.987 1.384 0.804
2 13700 -1868.653 -0.256 -54.771 1.403 1.445 24.252 7.42 27.424 1.323 0.987 1.498 0.738
2 13750 -1886.062 -0.177 -44.558 0.994 1.211 24.685 6.716 19.583 1.359 0.985 1.686 0.843
2 13800 -1805.777 -0.25 -46.534 1.042 1.322 22.138 6.268 17.941 1.532 0.987 1.664 0.75
2 13850 -1848.318 -0.228 -49.593 1.118 1.374 20.968 9.295 18.334 1.477 0.983 1.602 0.762
2 13900 -1838.57 -0.234 -50.101 1.202 1.335 18.893 7.837 22.717 1.512 0.986 1.392 0.646
2 13950 -1841.06 -0.235 -46.697 1.111 1.217 27.59 8.861 23.365 1.493 0.99 1.662 0.947
2 14000 -1806.138 -0.314 -46.478 1.032 1.348 21.341 4.352 20.314 1.492 0.988 1.794 0.844
2 14050 -1822.206 -0.2 -39.738 1 0.935 23.671 4.26 18.18 1.288 0.987 1.761 0.639
2 14100 -1860.706 -0.228 -47.578 1.515 0.955 26.221 3.708 17.186 1.204 0.985 1.446 0.314
2 14150 -1858.692 -0.221 -37.454 0.903 0.901 20.899 6.472 20.443 1.338 0.986 1.776 0.594
2 14200 -1822.471 -0.204 -38.441 0.935 0.974 24.497 6.293 20.196 1.485 0.984 2.057 0.499
2 14250 -1840.843 -0.25 -31.892 0.974 0.533 23.951 5.366 22.933 1.682 0.983 1.769 0.369
2 14300 -1845.481 -0.249 -33.707 0.782 0.853 23.405 4.399 17.844 1.604 0.986 1.556 0.406
2 14350 -1848.32 -0.288 -46.047 0.939 1.266 17.101 4.029 25.224 1.489 0.983 1.409 0.437
2 14400 -1862.677 -0.235 -42.907 0.955 1.138 25.404 7.215 20.899 1.418 0.98 1.883 0.503
2 14450 -1856.82 -0.264 -44.169 1.04 1.186 22.292 6.733 21.01 1.41 0.979 1.696 0.461
2 14500 -1857.307 -0.254 -52.106 1.528 1.195 28.685 7.447 26.806 1.386 0.982 1.472 1.013
2 14550 -1830.642 -0.229 -50.189 1.262 1.258 23.898 8.384 22.756 1.326 0.984 1.351 0.699
2 14600 -1841.84 -0.26 -34.817 0.675 0.948 31.113 14.147 27.055 1.387 0.985 1.752 0.67
2 14650 -1870.293 -0.237 -39.636 0.978 0.969 21.449 8.805 31.651 1.448 0.98 1.609 0.59
2 14700 -1864.465 -0.249 -50.557 1.323 1.349 22.344 6.179 24.53 1.49 0.983 1.363 0.715
2 14750 -1872.78 -0.239 -42.226 1.169 0.933 19.804 8.352 25.293 1.486 0.986 1.382 1.001
2 14800 -1884.436 -0.252 -39.951 0.999 0.926 26.645 9.076 20.187 1.46 0.986 1.316 0.667
2 14850 -1847.228 -0.265 -39.382 0.921 0.905 24.522 7.585 23.909 1.422 0.988 1.545 0.53
2 14900 -1857.054 -0.288 -35.306 0.842 0.86 21.472 3.033 21.443 1.418 0.99 1.414 0.435
2 14950 -1836.888 -0.251 -39.267 0.829 1.117 18.947 2.975 22.244 1.579 0.988 1.136 0.545
2 15000 -1871.135 -0.283 -46.427 1.14 1.208 17.576 6.491 18.281 1.626 0.989 1.423 0.67
2 15050 -1850.436 -0.24 -44.342 1.14 1.059 23.314 6.088 18.794 1.395 0.984 1.225 0.773
2 15100 -1875.191 -0.223 -55.486 1.442 1.376 20.778 5.507 24.689 1.294 0.985 1.106 0.604
2 15150 -1871.374 -0.27 -50.564 1.324 1.337 26.031 11.635 25.697 1.39 0.98 0.993 0.703
2 15200 -1873.589 -0.265 -41.02 0.998 0.988 16.947 5.198 24.02 1.432 0.978 1.432 0.493
2 15250 -1870.468 -0.254 -48.837 1.415 1.105 21.37 7.077 18.233 1.384 0.972 0.749 0.671
2 15300 -1836.873 -0.29 -50.887 1.547 1.061 19.788 7.655 22.23 1.441 0.972 0.984 0.462
2 15350 -1852.226 -0.273 -32.475 0.684 0.769 21.935 8.707 19.175 1.645 0.98 1.152 0.476
2 15400 -1836.715 -0.239 -61.169 1.698 1.565 24.011 6.185 24.214 1.653 0.983 0.926 0.494
2 15450 -1917.487 -0.252 -50.198 1.224 1.382 18.933 5.244 19.926 1.378 0.975 1.039 0.516
2 15500 -1909.86 -0.194 -61.238 1.579 1.757 17.997 4.878 23.046 1.296 0.974 1.511 0.764
2 15550 -1901.053 -0.233 -55.146 1.337 1.531 25.816 3.584 24.185 1.279 0.977 1.407 0.898
2 15600 -1906.028 -0.294 -36.61 0.544 1.116 26.691 9.934 23.523 1.225 0.981 1.34 0.475
2 15650 -1883.443 -0.322 -56.878 1.219 1.776 19.965 6.362 20.088 1.527 0.983 1.352 0.595
2 15700 -1886.04 -0.24 -58.966 1.533 1.592 24.617 9.253 21.092 1.622 0.988 1.529 0.529
2 15750 -1832.417 -0.246 -51.754 1.329 1.299 25.373 5.377 28.488 1.308 0.984 1.395 0.499
2 15800 -1873.638 -0.294 -28.217 0.685 0.534 27.261 13.001 28.801 1.415 0.985 1.527 0.375
2 15850 -1883.975 -0.284 -49.173 1.421 1.048 20.97 10.546 31.891 1.459 0.985 1.252 0.498
2 15900 -1823.009 -0.275 -58.22 1.477 1.589 17.089 4.236 17.673 1.777 0.985 1.075 0.666
2 15950 -1830.698 -0.259 -66.564 2.038 1.493 27.634 6.495 27.191 1.712 0.981 1.792 0.513
2 16000 -1863.229 -0.283 -62.952 1.817 1.514 26.964 1.58 23.181 1.558 0.983 1.362 0.622
2 16050 -1859.308 -0.237 -36.929 0.843 0.943 24.925 6.608 25.908 1.425 0.981 1.545 0.74
2 16100 -1818.445 -0.259 -44.466 1.386 0.859 19.612 3.956 22.301 1.558 0.985 1.501 0.908
2 16150 -1823.535 -0.194 -54.913 1.701 1.182 23.173 7.887 22.672 1.742 0.985 1.497 0.445
2 16200 -1861.784 -0.258 -59.64 1.669 1.468 28.26 9.512 16.252 1.357 0.979 1.189 0.434
2 16250 -1843.552 -0.279 -24.877 0.336 0.793 28.809 5.746 13.444 1.462 0.985 1.71 0.497
2 16300 -1859.464 -0.242 -29.733 0.617 0.677 20.769 12.013 29.547 1.542 0.981 1.241 0.444
2 16350 -1843.773 -0.29 -51.912 1.295 1.44 27.425 8.786 20.618 1.453 0.984 1.27 0.383
2 16400 -1878.266 -0.268 -47.115 1.259 1.224 23.159 6.87 19.601 1.524 0.988 1.373 0.649
2 16450 -1885.949 -0.248 -52.756 1.185 1.652 23.835 7.387 21.923 1.332 0.985 1.199 0.849
2 16500 -1830.243 -0.221 -44.496 0.769 1.419 27.655 4.346 19.942 1.439 0.983 1.02 1.162
2 16550 -1864.794 -0.256 -55.93 1.359 1.556 23.483 9.42 22.809 1.277 0.984 1.135 1.244
2 16600 -1883.75 -0.168 -48.593 1.115 1.409 22.891 -0.365 21.77 1.095 0.979 1.46 0.875
2 16650 -1878.126 -0.171 -43.269 1.038 1.114 21.435 4.061 18.94 1.517 0.985 1.196 0.892
2 16700 -1823.751 -0.235 -40.34 0.903 1.098 24.42 5.852 16.439 1.585 0.986 1.234 0.739
2 16750 -1859.686 -0.247 -51.755 1.197 1.537 19.767 4.064 16.777 1.516 0.987 1.313 0.967
2 16800 -1851.832 -0.285 -41.148 0.965 1.055 34.27 11.108 22.872 1.384 0.985 1.162 0.918
2 16850 -1832.723 -0.293 -32.772 0.719 0.74 22.93 5.149 17.075 1.76 0.985 1.605 0.926
2 16900 -1857.342 -0.333 -50.473 1.407 1.178 25.098 8.154 21.09 1.521 0.985 1.078 0.811
2 16950 -1872.377 -0.289 -36.806 0.835 0.915 26.258 4.621 16.24 1.531 0.99 1.402 0.686
2 17000 -1903.755 -0.258 -49.9 1.416 1.123 19.729 3.766 16.498 1.377 0.987 1.544 0.52
2 17050 -1885.935 -0.258 -49.582 1.476 1.098 23.606 7.105 17.026 1.388 0.986 1.407 0.674
2 17100 -1873.984 -0.304 -40.366 1.314 0.666 30.263 8.527 19.099 1.503 0.991 1.365 0.428
2 17150 -1822.22 -0.312 -45.697 1.237 1.083 23.488 4.144 17.783 1.501 0.988 2.036 0.554
2 17200 -1862.286 -0.238 -50.207 1.168 1.406 21.455 6.326 19.476 1.378 0.985 1.256 0.789
2 17250 -1832.364 -0.191 -58.574 1.515 1.518 22.709 5.884 23.566 1.322 0.987 1.607 0.988
2 17300 -1872.538 -0.254 -47.753 1.129 1.254 20.687 4.708 18.614 1.305 0.986 1.941 0.922
2 17350 -1852.245 -0.243 -57.856 1.714 1.36 22.88 7.908 21.58 1.28 0.985 2.255 0.564
2 17400 -1855.764 -0.217 -43.184 1.122 0.986 28.443 11.058 21.815 1.405 0.989 2.288 0.687
2 17450 -1848.829 -0.242 -47.311 1.017 1.288 23.368 6.539 21.162 1.249 0.989 1.508 0.879
2 17500 -1870.134 -0.265 -47.927 1.166 1.249 23.024 8.239 23.886 1.433 0.992 1.582 0.594
2 17550 -1811.625 -0.202 -49.247 1.383 1.127 21.231 5.795 18.596 1.54 0.993 1.472 0.928
2 17600 -1860.107 -0.247 -45.551 1.263 1.035 28.76 9.186 19.03 1.345 0.991 1.979 0.817
2 17650 -1879.885 -0.154 -50.484 1.247 1.283 23.411 5.814 16.201 1.241 0.993 1.508 0.871
2 17700 -1810.456 -0.231 -46.087 1.077 1.158 34.65 10.586 20.679 1.422 0.994 1.528 0.631
2 17750 -1822.439 -0.278 -48.872 1.23 1.32 26.595 11.505 21.246 1.547 0.995 1.672 0.606
2 17800 -1863.767 -0.319 -46.435 1.151 1.15 25.57 7.673 17.791 1.696 0.996 1.631 0.567
2 17850 -1833.957 -0.251 -40.837 1 0.946 24.36 8.189 23.599 1.517 0.995 1.327 0.72
2 17900 -1831.957 -0.189 -36.438 0.877 0.812 17.207 2.499 19.589 1.589 0.993 1.701 0.938
2 17950 -1849.7 -0.197 -47.64 1.124 1.333 27.793 6.837 22.22 1.496 0.993 1.226 0.767
2 18000 -1835.252 -0.248 -46.352 1.057 1.287 21.894 6.935 21.345 1.486 0.993 1.693 0.862
2 18050 -1827.137 -0.274 -33.168 0.726 0.878 21.597 5.334 20.704 1.453 0.992 1.268 0.726
2 18100 -1858.554 -0.331 -44.783 1.354 0.947 25.891 5.011 19.503 1.53 0.991 1.336 0.462
2 18150 -1873.157 -0.261 -50.902 1.62 1.039 31.015 3.065 16.951 1.481 0.992 1.658 0.499
2 18200 -1850.716 -0.256 -41.468 1.043 1.004 23.188 4.164 17.551 1.398 0.994 1.234 0.812
2 18250 -1852.802 -0.232 -44.188 1.035 1.139 23.825 4.677 14.481 1.377 0.995 1.321 0.552
2 18300 -1876.026 -0.191 -44.418 1.285 0.966 23.54 2.871 15.907 1.183 0.992 1.682 0.476
2 18350 -1855.793 -0.279 -43.224 1.119 1.013 24.144 4.57 17.125 1.47 0.992 1.416 0.527
2 18400 -1851.703 -0.252 -48.913 1.26 1.237 26.959 9.285 18.489 1.667 0.991 1.567 0.912
2 18450 -1870.756 -0.235 -48.995 1.401 1.109 18.098 2.668 17.01 1.144 0.985 1.577 0.595
2 18500 -1839.543 -0.281 -46.74 1.093 1.201 24.567 6.948 17.115 1.455 0.991 1.744 0.642
2 18550 -1833.135 -0.311 -42.428 1.079 1.066 22.045 5.9 21.404 1.662 0.994 2.387 0.541
2 18600 -1867.315 -0.233 -43.599 0.929 1.224 20.611 1.982 28.576 1.798 0.993 2.153 0.574
2 18650 -1847.563 -0.319 -38.233 0.8 1.055 27.347 10.242 23.304 1.667 0.994 1.71 0.331
2 18700 -1834.984 -0.225 -42.361 1.07 1.024 26.103 4.5 14.963 1.695 0.993 1.72 0.573
2 18750 -1846.97 -0.232 -54.112 1.576 1.351 23.259 4.731 18.748 1.533 0.993 1.723 0.58
2 18800 -1845.351 -0.256 -37.359 0.993 0.831 27.939 9.869 18.426 1.593 0.992 1.447 0.638
2 18850 -1849.534 -0.309 -42.049 0.929 1.175 17.693 4.917 18.775 1.529 0.991 1.188 0.453
2 18900 -1824.81 -0.206 -39.435 0.974 1.055 22.427 3.901 18.687 1.703 0.993 1.379 0.569
2 18950 -1832.727 -0.275 -44.65 1.438 0.851 27.306 6.228 17.005 1.733 0.995 1.106 0.564
2 19000 -1867.365 -0.292 -45.33 1.264 1.021 23.208 7.054 18.854 1.551 0.994 1.774 0.504
2 19050 -1859.844 -0.262 -51.776 1.204 1.474 18.98 3.618 25.207 1.793 0.995 1.835 0.459
2 19100 -1858.602 -0.29 -37.635 0.784 1.064 18.765 4.915 20.244 1.537 0.994 1.867 0.458
2 19150 -1844.372 -0.251 -38.484 0.968 0.853 27.005 8.999 22.25 1.772 0.993 1.546 0.355
2 19200 -1859.183 -0.326 -60.152 1.644 1.613 21.163 7.508 19.158 1.881 0.994 1.421 0.294
2 19250 -1859.028 -0.328 -43.186 1.012 1.048 22.725 9.599 23.794 1.874 0.992 1.506 0.091
2 19300 -1859.111 -0.305 -50.526 1.441 1.236 17.779 3.898 19.832 1.58 0.99 1.642 0.021
2 19350 -1874.592 -0.326 -42.249 1.146 0.963 21.926 9.366 22.456 1.644 0.992 1.246 0.061
2 19400 -1890.963 -0.297 -48.44 1.516 0.966 29.913 6.07 15.311 1.631 0.994 1.67 0.069
2 19450 -1873.993 -0.271 -45.056 1.019 1.226 23.335 7.576 20.045 1.701 0.995 1.509 0.482
2 19500 -1892.458 -0.257 -55.037 1.552 1.339 26.324 5.896 23.552 1.797 0.995 1.506 0.365
2 19550 -1882.171 -0.206 -44.221 1.433 0.733 21.807 9.577 24.746 1.189 0.994 1.444 0.474
2 19600 -1869.09 -0.211 -51.228 1.692 0.932 28.248 8.595 22.607 1.682 0.997 1.566 0.448
2 19650 -1864.375 -0.231 -44.596 1.137 1.028 29.112 2.437 25.733 1.424 0.997 1.51 0.702
2 19700 -1909.683 -0.287 -48.185 1.38 1.105 19.916 6.938 17.673 1.351 0.997 1.378 0.524
2 19750 -1841.689 -0.317 -58.348 1.618 1.576 17.559 1.855 16.239 1.599 0.997 1.713 0.542
2 19800 -1877.748 -0.24 -47.329 1.169 1.235 17.846 3.248 17.024 1.363 0.996 1.599 0.422
2 19850 -1885.122 -0.25 -46.299 1.107 1.22 23.339 9.558 22.711 1.2 0.994 1.362 0.725
2 19900 -1919.313 -0.287 -37.37 1.063 0.78 22.78 6.658 16.889 1.149 0.996 1.874 0.5
2 19950 -1877.207 -0.295 -44.114 1.151 1.014 21.392 4.897 17.447 1.284 0.996 1.654 0.574
2 20000 -1874.301 -0.304 -47.883 1.314 1.235 17.984 4.868 19.263 1.587 0.997 1.754 0.545
2 20050 -1866.531 -0.246 -52.633 1.536 1.087 21.768 2.734 17.513 1.352 0.996 1.733 0.564
2 20100 -1887.907 -0.164 -47.92 1.115 1.336 24.109 7.476 22.208 1.334 0.994 1.641 0.341
2 20150 -1859.241 -0.262 -46.654 1.036 1.304 21.256 5.897 16.925 1.192 0.994 2.037 0.718
2 20200 -1854.071 -0.235 -47.043 1.21 1.203 18.165 6.897 20.871 1.334 0.994 1.584 0.441
2 20250 -1925.499 -0.237 -43.637 1.006 1.186 17.395 4.133 17.811 1.218 0.993 1.782 0.597
2 20300 -1874.294 -0.249 -50.349 1.494 1.059 20.165 3.597 19.467 1.339 0.994 1.886 0.509
2 20350 -1869.034 -0.22 -43.409 0.998 1.064 22.809 8.679 22.369 1.298 0.993 1.255 0.438
2 20400 -1868.978 -0.246 -44.239 0.727 1.469 22.497 2.421 17.81 1.427 0.993 1.651 0.742
2 20450 -1860.312 -0.276 -38.754 0.791 1.056 23.988 5.153 14.541 1.547 0.995 1.293 0.381
2 20500 -1871.988 -0.236 -36.39 1.048 0.778 18.846 6.59 20.325 1.37 0.993 1.584 0.519
2 20550 -1838.599 -0.274 -35.577 0.814 0.914 23.255 10.241 17.362 1.568 0.994 2.153 0.58
2 20600 -1891.351 -0.217 -39.816 1.145 0.885 22.163 3.373 17.868 1.647 0.994 1.772 0.359
2 20650 -1909.404 -0.2 -32.416 0.694 0.817 20.717 7.328 17.33 1.255 0.992 1.524 0.395
2 20700 -1875.919 -0.209 -38.641 0.898 0.968 16.769 4.593 15.848 1.566 0.993 1.888 0.343
2 20750 -1843.911 -0.232 -35.527 0.668 0.958 25.802 7.45 13.969 1.722 0.993 1.49 0.308
2 20800 -1899.747 -0.25 -48.456 1.355 1.177 20.376 5.91 19.012 1.222 0.992 1.283 0.53
2 20850 -1885.44 -0.203 -43.001 1.046 1.114 22.476 5.979 19.848 1.133 0.991 1.447 0.472
2 20900 -1873.158 -0.147 -50.137 1.241 1.326 19.152 3.654 18.787 1.415 0.994 1.362 0.513
2 20950 -1885.433 -0.258 -40.002 1.085 0.879 21.971 6.444 19.733 1.444 0.993 1.101 0.45
2 21000 -1878.422 -0.274 -43.261 1.32 0.82 26.452 5.937 19.144 1.563 0.994 1.158 0.589
2 21050 -1896.772 -0.264 -46.074 1.252 1.098 23.072 7.06 16.889 1.466 0.994 1.453 0.352
2 21100 -1903.154 -0.266 -28.998 0.376 1.003 28.625 6.959 15.466 1.527 0.994 1.871 0.414
2 21150 -1901.372 -0.213 -33.125 0.653 0.894 21.997 6.692 16.838 1.302 0.993 1.377 0.525
2 21200 -1872.172 -0.215 -45.535 1.233 1.114 22.577 6.352 20.645 1.543 0.995 1.616 0.561
2 21250 -1896.577 -0.301 -53.284 1.612 1.21 25.375 10.42 18.648 1.491 0.995 1.469 0.326
2 21300 -1861.82 -0.297 -55.336 1.696 1.272 27.384 6.82 17.968 1.935 0.996 1.371 0.026
2 21350 -1898.77 -0.234 -46.855 1.389 0.992 23.5 6.592 17.318 1.693 0.995 1.5 0.032
2 21400 -1857.884 -0.25 -37.398 0.797 1.111 27.906 4.263 19.612 1.581 0.994 1.293 0.019
2 21450 -1869.981 -0.269 -42.989 1.118 1.083 20.161 4.229 21.006 2.043 0.995 1.359 0.123
2 21500 -1866.004 -0.296 -39.109 1 0.989 20.701 7.748 20.421 2.096 0.996 1.293 0.026
2 21550 -1884.144 -0.338 -35.542 0.89 0.863 22.67 6.063 15.544 1.972 0.995 1.247 0.055
2 21600 -1858.893 -0.312 -43.089 1.009 1.131 29.595 6.897 14.706 1.828 0.996 1.557 0.01
2 21650 -1849.978 -0.248 -34.28 0.824 0.762 20.98 7.389 15.439 1.791 0.995 1.816 0.031
2 21700 -1876.595 -0.247 -37.434 1.089 0.759 24.586 3.73 14.502 1.685 0.995 1.379 0.062
2 21750 -1878.325 -0.294 -43.636 1.263 0.976 18.884 0.75 16.297 1.814 0.996 1.333 0.068
2 21800 -1882.771 -0.26 -42.282 1.163 0.959 24.102 1.248 12.654 1.59 0.995 1.211 0.049
2 21850 -1872.57 -0.291 -43.753 1.264 0.958 26.292 6.891 16.375 1.691 0.994 1.842 0.071
2 21900 -1837.861 -0.302 -39.051 1.159 0.804 16.212 5.209 17.388 1.821 0.994 1.39 0.073
2 21950 -1867.552 -0.244 -34.099 0.959 0.673 21.783 5.784 15.517 1.902 0.995 1.219 0.021
2 22000 -1862.401 -0.19 -34.629 0.932 0.688 16.861 4.574 18.287 1.717 0.995 1.697 0.024
2 22050 -1906.872 -0.228 -42.871 1.309 0.836 19.321 4.008 13.821 1.621 0.994 2.027 0.083
2 22100 -1916.23 -0.308 -31.212 1.002 0.408 18.131 5.341 18.499 1.492 0.994 1.885 0.019
2 22150 -1864.605 -0.281 -43.658 1.359 0.886 22.392 2.904 15.563 1.622 0.995 1.723 0.021
2 22200 -1855.771 -0.266 -48.384 1.295 1.187 26.413 7.218 18.02 1.752 0.995 2.106 0.012
2 22250 -1869.606 -0.252 -36.686 0.927 0.865 28.058 6.704 16.748 1.551 0.995 1.648 0.158
2 22300 -1879.57 -0.244 -43.653 0.939 1.236 20.863 5.144 12.416 1.682 0.995 1.842 0.265
2 22350 -1851.694 -0.28 -40.623 1.017 0.993 21.039 2.677 13.921 1.789 0.994 1.302 0.379
2 22400 -1895.286 -0.342 -45.552 1.172 1.228 22.453 7.753 18.273 1.495 0.993 1.564 0.295
2 22450 -1873.062 -0.244 -38.855 0.982 0.98 24.335 6.624 18.332 1.465 0.992 1.676 0.418
2 22500 -1851.586 -0.23 -47.53 1.324 1.105 19.525 4.374 17.1 1.632 0.994 1.606 0.479
2 22550 -1871.331 -0.283 -39.273 0.988 0.922 19.483 4.114 18.424 1.63 0.994 1.301 0.476
2 22600 -1856.526 -0.293 -39.816 0.971 0.968 20.875 7.385 16.455 1.496 0.995 1.942 0.549
2 22650 -1864.574 -0.223 -53.176 1.225 1.508 23.781 7.084 18.979 1.578 0.994 1.326 0.882
2 22700 -1851.783 -0.26 -56.398 1.409 1.531 21.548 6.536 14.606 1.561 0.996 1.788 0.746
2 22750 -1860.341 -0.209 -31.831 0.746 0.727 21.809 9.484 19.74 1.403 0.995 2.317 0.801
2 22800 -1851.416 -0.237 -44.881 0.958 1.204 22.626 6.395 23.929 1.459 0.995 2.113 0.917
2 22850 -1848.419 -0.215 -42.324 1.163 0.914 23.865 8.497 29.191 1.457 0.994 1.708 0.586
2 22900 -1880.936 -0.2 -35.792 0.865 0.827 26.087 12.185 24.921 1.596 0.995 1.605 0.497
2 22950 -1842.023 -0.264 -42.611 0.892 1.25 23.812 8.382 20.631 1.354 0.994 1.666 1.023
2 23000 -1845.604 -0.277 -34.105 0.812 0.838 19.634 7.89 17.695 1.469 0.994 1.602 0.838
2 23050 -1851.737 -0.245 -42.94 0.973 1.186 23.075 4.58 14.277 1.475 0.992 1.208 0.966
2 23100 -1888.977 -0.227 -36.256 0.814 0.916 27.758 8.749 18.562 1.341 0.992 1.373 0.523
2 23150 -1864.551 -0.192 -48.135 1.242 1.111 18.754 3.61 14.842 1.267 0.993 1.712 0.488
2 23200 -1839.905 -0.259 -49.109 0.985 1.478 20.172 3.968 16.904 1.325 0.992 1.346 0.594
2 23250 -1865.759 -0.164 -47.182 1.215 1.196 16.011 1.504 14.79 1.3 0.992 1.643 0.62
2 23300 -1817.229 -0.191 -46.163 1.337 0.956 22.225 3.664 15.796 1.374 0.99 2.42 0.757
2 23350 -1808.738 -0.202 -42.902 1.039 1.094 20.196 7.356 17.728 1.501 0.991 2.318 0.708
2 23400 -1827.859 -0.249 -47.584 1.125 1.3 15.208 1.646 17.979 1.631 0.991 1.539 0.787
2 23450 -1862.035 -0.244 -49.646 1.213 1.409 24.325 8.61 21.068 1.6 0.991 1.852 1.173
2 23500 -1839.834 -0.267 -50.592 1.357 1.34 19.747 8.169 16.501 1.329 0.989 1.436 0.846
2 23550 -1931.913 -0.238 -46.196 1.179 1.121 18.647 6.391 15.307 1.413 0.988 1.371 0.691
2 23600 -1894.897 -0.258 -57.986 1.425 1.574 16.149 4.728 14.728 1.431 0.992 1.267 0.779
2 23650 -1857.616 -0.294 -45.26 1.123 1.216 17.821 4.435 18.634 1.672 0.992 1.956 0.558
2 23700 -1844.272 -0.246 -56.373 1.5 1.418 16.912 6.735 15.524 1.589 0.99 1.912 0.73
2 23750 -1879.071 -0.214 -57.589 1.509 1.435 18.432 5.326 20.621 1.505 0.99 1.695 0.713
2 23800 -1885.144 -0.2 -51.897 1.368 1.34 19.726 9.002 18.016 1.384 0.986 2.176 0.801
2 23850 -1853.901 -0.175 -42.048 1.12 0.922 24.219 8.201 18.024 1.544 0.988 1.826 1.035
2 23900 -1801.273 -0.176 -53.156 1.482 1.246 17.171 5.491 17.155 1.76 0.991 1.485 0.838
2 23950 -1875.046 -0.316 -57.138 1.503 1.487 21.015 4.77 17.202 1.477 0.987 1.438 0.78
2 24000 -1895.698 -0.253 -43.002 1.01 1.091 17.492 8.161 20.746 1.361 0.987 2.257 0.64
2 24050 -1938.631 -0.196 -52.442 1.494 1.236 19.718 5.219 18.618 1.649 0.992 1.686 0.422
2 24100 -1845.16 -0.246 -46.005 1.282 1.066 21.184 3.975 16.662 1.615 0.986 1.805 0.451
2 24150 -1876.358 -0.188 -42.055 0.997 1.069 21.975 8.635 22.537 1.298 0.986 2.799 0.407
2 24200 -1837.604 -0.215 -43.532 1.297 0.892 21.135 8.343 20.446 1.578 0.987 1.473 0.53
2 24250 -1833.329 -0.206 -48.43 1.557 0.88 22.496 8.782 18.713 1.615 0.987 1.549 0.55
2 24300 -1861.81 -0.241 -50.872 1.22 1.413 19.262 6.26 16.957 1.306 0.985 1.602 0.512
2 24350 -1897.333 -0.229 -44.033 1.11 1.053 17.471 5.343 17.039 1.313 0.982 1.532 0.38
2 24400 -1857.102 -0.253 -39.544 1.134 0.738 16.876 5.021 17.389 1.551 0.984 1.704 0.576
2 24450 -1881.856 -0.212 -50.642 1.657 0.964 22.101 6.011 18.917 1.47 0.986 1.681 0.426
2 24500 -1892.689 -0.265 -51.433 1.514 1.147 21.524 7.336 14.561 1.751 0.992 1.251 0.496
2 24550 -1828.325 -0.303 -44.531 1.212 1.075 22.806 5.832 18.75 1.909 0.989 1.683 0.204
2 24600 -1832.978 -0.29 -44.083 0.986 1.201 22.126 5.772 13.679 1.876 0.988 1.199 0.384
2 24650 -1827.564 -0.244 -53.058 1.32 1.382 21.332 1.554 17.204 1.606 0.979 1.632 0.567
2 24700 -1833.693 -0.273 -70.401 1.741 2.073 20.258 6.318 16.984 1.644 0.983 1.832 0.755
2 24750 -1849.685 -0.3 -45.285 1.15 1.171 19.226 6.375 15.811 1.297 0.979 1.737 0.775
2 24800 -1808.422 -0.281 -52.555 1.357 1.366 20.471 7.307 15.518 1.516 0.981 2.202 0.6
2 24850 -1850.954 -0.214 -52.41 1.377 1.357 21.414 9.054 24.073 1.361 0.98 2.433 0.71
2 24900 -1845.556 -0.204 -60.68 1.714 1.549 20.035 6.461 20.012 1.541 0.977 1.801 0.408
2 24950 -1886.42 -0.264 -45.516 1.356 0.886 22.628 8.122 18.924 1.307 0.98 1.43 0.692
2 25000 -1851.089 -0.277 -56.169 1.686 1.29 22.221 5.909 15.825 1.592 0.986 1.599 0.772
2 25050 -1841.857 -0.22 -62.946 1.741 1.693 26.485 11.222 17.461 1.435 0.984 1.662 0.746
2 25100 -1852.503 -0.261 -59.161 1.457 1.681 21.487 6.975 19.744 1.613 0.986 1.177 0.695
2 25150 -1854.301 -0.254 -50.048 1.223 1.321 21.553 10.507 22.166 1.484 0.985 1.462 0.662
2 25200 -1840.315 -0.211 -47.706 1.016 1.438 21.58 6.171 24.272 1.63 0.987 1.574 0.361
2 25250 -1838.548 -0.209 -41.363 1.072 0.931 22.777 9.399 16.743 1.655 0.986 1.578 0.5
2 25300 -1870.29 -0.235 -45.771 1.176 1.19 15.515 3.386 17.414 1.479 0.986 1.953 0.438
2 25350 -1827.083 -0.244 -43.008 0.946 1.131 23.692 7.641 15.578 1.825 0.988 2.041 0.345
2 25400 -1846.013 -0.205 -51.937 1.353 1.288 23.944 5.135 13.986 1.631 0.991 1.819 0.582
2 25450 -1846.693 -0.214 -39.777 0.988 0.902 20.332 6.001 15.697 1.421 0.989 1.973 0.44
2 25500 -1852.56 -0.272 -49.529 1.228 1.3 18.486 5.972 17.353 1.398 0.989 1.94 0.279
2 25550 -1887.095 -0.37 -45.02 1.104 1.225 19.282 7.692 21.554 1.763 0.991 1.568 0.371
2 25600 -1870.235 -0.239 -51.52 1.358 1.338 26.273 10.301 21.584 1.765 0.991 1.779 0.423
2 25650 -1862.511 -0.324 -48.374 1.337 1.129 21.329 8.289 19.805 1.592 0.989 1.412 0.457
2 25700 -1879.359 -0.244 -51.385 1.341 1.31 21.332 5.639 18.149 1.145 0.984 1.835 0.596
2 25750 -1837.827 -0.258 -50.592 1.24 1.411 21.473 6.947 17.465 1.359 0.985 1.329 0.563
2 25800 -1878.71 -0.241 -46.315 1.228 1.12 18.803 4.737 15.186 1.357 0.986 1.497 0.688
2 25850 -1866.996 -0.168 -52.607 1.32 1.383 24.896 5.709 16.472 1.349 0.99 1.276 0.555
2 25900 -1813.726 -0.238 -50.483 1.397 1.216 19.778 3.819 22.125 1.576 0.988 1.445 0.771
2 25950 -1859.533 -0.223 -47.15 1.288 1.041 19.18 6.417 15.519 1.532 0.989 1.539 0.677
2 26000 -1852.28 -0.197 -55.122 1.439 1.421 19.519 9.115 17.702 1.659 0.99 1.182 0.806
2 26050 -1881.668 -0.254 -54.475 1.681 1.249 15.469 6.365 16.419 1.497 0.99 1.667 0.826
2 26100 -1864.763 -0.256 -42.087 0.985 1.062 15.511 6.512 15.79 1.381 0.99 1.622 1.306
2 26150 -1842.924 -0.251 -55.738 1.477 1.455 21.334 5.554 16.621 1.2 0.987 1.885 0.878
2 26200 -1843.468 -0.205 -42.394 1.056 1.013 23.028 8.778 19.522 1.328 0.987 1.553 1.384
2 26250 -1902.241 -0.296 -45.654 1.145 1.106 18.961 5.135 15.748 1.26 0.988 1.213 1.076
2 26300 -1896.192 -0.247 -50.799 1.481 1.135 23.555 6.082 11.933 1.315 0.988 1.198 1.344
2 26350 -1873.021 -0.212 -46.314 1.181 1.214 21.341 7.135 15.565 1.401 0.99 1.454 1.474
2 26400 -1862.293 -0.228 -47.112 1.094 1.324 21.894 8.527 13.744 1.429 0.991 1.202 1.343
2 26450 -1843.317 -0.192 -51.184 1.218 1.483 20.237 6.127 15.486 1.2 0.988 1.382 0.993
2 26500 -1867.769 -0.237 -40.702 0.824 1.172 21.702 5.769 12.03 1.407 0.987 1.446 1.46
2 26550 -1837.128 -0.215 -59.04 1.359 1.731 21.052 4.153 16.539 1.456 0.988 1.524 1.149
2 26600 -1882.562 -0.193 -44.643 0.912 1.282 21.639 6.586 13.622 1.67 0.988 1.033 1.258
2 26650 -1872.447 -0.269 -49.023 1.16 1.288 24.116 5.451 20.128 1.468 0.987 1.085 1.123
2 26700 -1874.281 -0.242 -38.696 1.019 0.858 20.665 10.288 21.02 1.596 0.99 0.927 1.339
2 26750 -1827.291 -0.254 -49.071 1.337 1.159 22.5 9.625 18.483 1.565 0.992 1.022 1.177
2 26800 -1854.343 -0.266 -49.197 0.973 1.542 25.448 12.514 20.458 1.456 0.991 0.987 1.11
2 26850 -1878.723 -0.225 -38.981 0.545 1.339 22.051 10.455 20.935 1.319 0.99 0.88 1.187
2 26900 -1883.327 -0.227 -48.269 1.175 1.342 19.804 8.55 19.517 1.2 0.985 0.998 1.071
2 26950 -1821.605 -0.248 -50.219 1.228 1.455 21.877 11.031 21.495 1.315 0.988 1.189 1.381
2 27000 -1892.088 -0.179 -32.77 0.719 0.794 18.906 10.307 22.593 1.529 0.991 0.693 2.019
2 27050 -1872.251 -0.338 -43.345 1.013 1.227 19.491 3.444 14.889 1.334 0.989 0.839 1.744
2 27100 -1860.434 -0.295 -46.181 1.107 1.247 26.936 5.627 16.145 1.491 0.992 0.776 1.341
2 27150 -1829.325 -0.228 -50.15 1.221 1.345 20.279 7.685 14.339 1.317 0.99 0.876 1.202
2 27200 -1851.947 -0.223 -56.604 1.477 1.512 21.227 8.666 18.248 1.455 0.99 0.757 1.485
2 27250 -1866.118 -0.293 -48.896 1.317 1.32 25.309 11.043 18.165 1.498 0.992 0.771 1.614
2 27300 -1884.365 -0.29 -43.427 1.064 1.177 21.065 6.863 17.886 1.345 0.992 0.601 1.393
2 27350 -1862.703 -0.241 -43.89 0.893 1.263 21.573 7.646 16.374 1.769 0.994 0.887 1.243
2 27400 -1889.159 -0.235 -49.39 1.261 1.243 17.021 4.998 14.159 1.249 0.991 1.041 1.813
2 27450 -1882.495 -0.285 -56.576 1.576 1.503 21.89 11.118 18.53 1.367 0.99 0.672 1.335
2 27500 -1859.707 -0.309 -45.183 1.026 1.219 19.69 5.622 17.066 1.307 0.99 0.697 1.189
2 27550 -1882.481 -0.254 -53.039 1.423 1.463 24.714 11.459 16.67 1.593 0.991 0.643 0.982
2 27600 -1817.651 -0.306 -44.439 0.94 1.397 18.894 5.11 14.225 1.611 0.993 0.597 1.348
2 27650 -1869.441 -0.27 -44.799 0.8 1.44 24.439 7.193 14.46 1.311 0.988 0.6 1.397
2 27700 -1853.222 -0.172 -52.44 1.238 1.544 23.274 3.932 15.369 1.379 0.991 0.611 1.431
2 27750 -1823.817 -0.337 -55.156 1.42 1.491 20.6 4.806 13.357 1.864 0.993 0.46 1.608
2 27800 -1838.91 -0.334 -42.288 1.098 1.004 20.094 4.156 16.606 1.534 0.995 0.541 1.56
2 27850 -1853.919 -0.3 -45.687 1.126 1.175 19.165 5.09 11.906 1.329 0.994 0.414 1.827
2 27900 -1862.297 -0.242 -38.53 0.924 0.965 23.414 6.212 15.506 1.408 0.993 1.004 1.734
2 27950 -1809.587 -0.294 -42.687 0.917 1.158 21.142 6.245 13.426 1.689 0.995 0.533 1.176
2 28000 -1833.461 -0.229 -43.992 1.108 1.095 21.48 6.217 15.582 1.499 0.994 0.567 1.713
2 28050 -1833.488 -0.257 -47.103 1.213 1.21 21.047 8.095 16.609 1.349 0.993 0.655 1.59
2 28100 -1830.996 -0.243 -47.83 1.253 1.275 21.479 8.07 11.904 1.631 0.994 0.504 1.428
2 28150 -1802.758 -0.239 -35.664 0.839 0.91 16.221 3.571 14.754 1.592 0.994 0.866 2.045
2 28200 -1835.982 -0.33 -40.461 0.848 1.188 21.376 4.298 12.299 1.818 0.994 0.783 1.674
2 28250 -1871.71 -0.325 -45.116 0.921 1.371 26.658 13.664 22.516 1.444 0.992 0.73 1.517
2 28300 -1839.181 -0.268 -31.583 0.4 1.046 18.847 7.059 14.301 1.65 0.994 0.699 1.616
2 28350 -1871.639 -0.206 -42.143 0.839 1.284 24.112 9.986 21.325 1.604 0.994 0.689 1.495
2 28400 -1866.219 -0.195 -31.243 0.63 0.837 21.32 5.983 13.859 1.683 0.994 0.722 1.674
2 28450 -1862.298 -0.351 -30.871 0.507 0.944 18.325 4.499 13.615 1.593 0.995 1 1.387
2 28500 -1869.025 -0.262 -51.83 1.297 1.379 22.489 7.682 16.48 1.473 0.992 0.705 1.376
2 28550 -1861.612 -0.156 -40.399 1.218 0.776 19.076 6.528 13.571 1.44 0.992 0.75 1.746
2 28600 -1823.082 -0.188 -34.598 0.792 0.91 25.202 7.047 12.096 1.258 0.992 0.92 1.594
2 28650 -1812.313 -0.192 -33.75 0.733 0.838 21.293 5.148 12.804 1.723 0.993 0.761 3.092
2 28700 -1832.252 -0.228 -44.41 0.987 1.223 25.247 7.929 12.137 1.706 0.994 0.964 2.224
2 28750 -1813.292 -0.272 -38.011 0.79 1.092 19.996 6.782 16.877 1.974 0.995 0.638 2.011
2 28800 -1844.403 -0.199 -43.068 1.135 1.058 18.623 5.7 14.687 1.524 0.994 0.389 1.976
2 28850 -1822.062 -0.229 -43.337 1.258 0.959 24.901 8.71 15.133 1.787 0.994 0.484 1.618
2 28900 -1843.429 -0.279 -39.192 1.032 0.94 19.803 5.088 17.184 1.408 0.994 0.87 1.918
2 28950 -1834.694 -0.242 -55.636 1.39 1.499 22.26 10.471 19.941 1.299 0.994 0.852 2.061
2 29000 -1865.452 -0.223 -30.015 0.624 0.731 21.385 7.554 13.424 1.398 0.994 0.803 1.312
2 29050 -1836.651 -0.318 -35.642 0.68 0.955 20.426 5.983 16.061 1.464 0.994 0.681 1.538
2 29100 -1845.047 -0.252 -42.515 0.922 1.234 23.64 6.592 12.678 1.687 0.994 0.784 1.388
2 29150 -1867.515 -0.249 -41.448 1.066 1.06 21.742 4.889 14.984 1.553 0.992 0.959 1.276
2 29200 -1851.861 -0.179 -50.908 1.421 1.26 23.439 7.94 14.137 1.327 0.99 0.976 0.873
2 29250 -1864.932 -0.321 -40.488 1.083 1.007 18.322 4.12 13.772 1.441 0.988 0.7 1.253
2 29300 -1866.493 -0.232 -45.748 1.155 1.15 20.367 7.171 15.799 1.505 0.989 0.766 1.276
2 29350 -1863.853 -0.291 -49.475 1.178 1.326 17.771 5.163 12.096 1.252 0.989 0.387 1.543
2 29400 -1878.09 -0.212 -41.215 0.962 1.085 19.427 8.614 16.149 1.269 0.991 0.521 1.801
2 29450 -1862.218 -0.223 -32.732 0.777 0.759 20.008 5.593 13.834 1.655 0.994 0.649 1.258
2 29500 -1855.913 -0.274 -38.918 0.928 0.941 21.981 8.167 13.431 1.476 0.994 0.593 1.494
2 29550 -1877.949 -0.217 -43.918 1.14 1.117 17.359 6.645 16.947 1.177 0.991 0.629 1.282
2 29600 -1891.224 -0.248 -45.909 1.245 1.084 22.653 8.285 14.756 1.169 0.993 0.428 1.329
2 29650 -1843.624 -0.234 -50.92 1.501 1.167 21.47 8.478 14.607 1.277 0.991 0.792 1.565
2 29700 -1899.422 -0.252 -38.431 0.952 0.896 22.017 8.131 17.859 1.289 0.99 0.602 1.713
2 29750 -1843.513 -0.226 -51.089 1.484 1.211 18.213 5.246 14.632 1.424 0.991 0.774 1.703
2 29800 -1875.594 -0.292 -37.178 0.841 0.953 22.751 6.879 13.342 1.18 0.99 0.812 1.407
2 29850 -1850.86 -0.281 -45.02 1.118 1.168 23.52 8.071 15.468 1.257 0.988 0.712 1.617
2 29900 -1853.911 -0.182 -42.165 0.905 1.229 23.831 7.137 13.287 1.429 0.992 0.664 1.246
2 29950 -1858.47 -0.165 -47.341 1.093 1.24 24.337 7.947 15.636 1.31 0.992 0.723 1.688
2 30000 -1881.094 -0.259 -38.657 0.972 0.873 20.873 6.803 12.746 1.339 0.992 1.07 1.777
2 30050 -1892.658 -0.285 -50.06 1.351 1.27 21.852 6.65 14.476 1.425 0.995 1.014 1.73
2 30100 -1844.087 -0.215 -39.473 0.861 1.062 18.672 4.724 15.907 1.279 0.994 1.087 1.524
2 30150 -1909.53 -0.218 -45.625 1.18 1.088 25.54 10.971 15.513 1.671 0.995 1.077 1.858
2 30200 -1857.025 -0.274 -37.823 0.888 0.984 16.817 2.271 9.454 1.522 0.995 0.88 1.516
2 30250 -1847.447 -0.254 -47.325 1.273 1.166 18.184 7.815 16.297 1.481 0.994 0.718 1.594
2 30300 -1846.987 -0.24 -40.604 0.925 1.052 20.034 7.749 17.031 1.533 0.994 1.099 1.433
2 30350 -1901.186 -0.215 -43.266 1.308 0.953 26.986 9.6 13.626 1.216 0.991 1.075 1.54
2 30400 -1841.411 -0.229 -43.505 1.195 1.019 24.835 6.019 14.458 1.479 0.991 0.919 1.41
2 30450 -1831.402 -0.269 -42.849 1.159 1.056 23.56 11.75 22.079 1.498 0.988 0.96 1.578
2 30500 -1845.768 -0.208 -35.51 0.7 0.918 22.456 6.33 14.163 1.441 0.988 1.117 1.493
2 30550 -1830.077 -0.192 -32.257 0.628 0.909 20.814 7.861 13.459 1.704 0.989 0.971 1.291
2 30600 -1829.82 -0.297 -28.545 0.511 0.734 23.229 10.024 17.365 1.672 0.989 0.864 2.104
2 30650 -1846.18 -0.262 -26.405 0.463 0.717 20.271 4.767 13.108 1.499 0.983 0.917 1.431
2 30700 -1883.965 -0.276 -37.625 0.718 1.134 24.033 5.318 13.546 1.345 0.98 0.766 1.076
2 30750 -1857.193 -0.214 -29.638 0.683 0.662 19.795 5.328 13.229 1.375 0.979 0.714 1.62
2 30800 -1828.255 -0.221 -46.42 1.101 1.231 24.26 5.348 12.758 1.673 0.983 0.656 1.635
2 30850 -1821.337 -0.241 -50.949 1.392 1.24 24.854 6.087 11.536 1.734 0.983 0.769 1.468
2 30900 -1893.664 -0.244 -40.406 1.119 0.912 17.037 5.518 13.312 1.374 0.98 0.85 1.412
2 30950 -1880.721 -0.224 -45.272 1.151 1.154 19.649 6.931 10.274 1.372 0.98 0.742 2.012
2 31000 -1852.691 -0.247 -41.503 0.966 1.181 16.985 6.137 14.741 1.462 0.983 0.774 1.471
2 31050 -1895.469 -0.249 -51.428 1.318 1.328 18.302 4.88 11.972 1.401 0.985 0.564 1.26
2 31100 -1867.532 -0.301 -43.564 1.278 0.92 22.698 5.667 11.968 1.655 0.986 0.442 1.37
2 31150 -1901.668 -0.291 -44.716 1.257 1.024 22.287 3.955 12.129 1.581 0.986 0.165 1.415
2 31200 -1914.957 -0.314 -40.244 1.06 0.879 26.457 0.92 14.723 1.636 0.984 0.114 1.267
2 31250 -1881.713 -0.217 -47.089 1.378 1.049 26.495 8.263 11.475 1.72 0.984 0.136 0.977
2 31300 -1911.059 -0.272 -31.159 0.748 0.69 25.758 9.568 11.156 1.752 0.987 0.186 1.637
2 31350 -1864.027 -0.204 -43.699 1.165 1.075 22.107 6.21 11.715 1.468 0.986 0.441 1.884
2 31400 -1877.096 -0.329 -48.03 1.252 1.291 19.928 6.798 15.464 1.73 0.986 0.584 1.221
2 31450 -1864.433 -0.34 -42.982 1.07 1.083 16.731 4.514 10.771 1.735 0.983 0.309 1.789
2 31500 -1820.071 -0.321 -55.127 1.698 1.301 17.128 5.984 13.955 1.581 0.982 0.366 1.904
2 31550 -1856.126 -0.295 -47.42 1.417 1.01 20.542 6.669 13.701 1.639 0.98 0.531 1.334
2 31600 -1806.322 -0.289 -47.381 1.457 0.999 21.607 7.609 14.73 1.796 0.986 0.655 1.353
2 31650 -1802.109 -0.244 -57.989 1.579 1.488 19.043 7.238 14.268 1.976 0.989 0.823 1.302
2 31700 -1795.44 -0.357 -42.826 1.132 1.112 27.875 10.904 13.448 2.184 0.993 1.154 1.547
2 31750 -1851.685 -0.301 -50.053 1.339 1.226 26.224 8.296 16.602 1.828 0.991 0.49 1.888
2 31800 -1841.678 -0.242 -48.887 1.367 1.191 23.263 7.838 13.41 1.861 0.989 0.338 1.583
2 31850 -1848.037 -0.295 -57.709 1.627 1.484 27.458 6.384 14.189 1.471 0.982 0.603 1.498
2 31900 -1839.867 -0.193 -53.824 1.451 1.388 24.337 6.821 14.927 1.943 0.986 0.656 1.653
2 31950 -1867.546 -0.301 -42.665 1.045 1.124 24.798 9.643 16.034 1.831 0.99 0.639 1.408
2 32000 -1846.411 -0.215 -53.171 1.396 1.303 21.733 6.422 17.274 2.014 0.991 0.981 1.372
2 32050 -1822.697 -0.204 -57.6 1.547 1.516 32.412 9.636 11.955 1.652 0.989 0.687 1.699
2 32100 -1876.16 -0.205 -47.389 1.261 1.103 17.341 5.658 14.672 1.344 0.985 0.71 1.523
2 32150 -1850.74 -0.208 -54.698 1.406 1.45 16.674 5.454 12.537 1.454 0.988 0.696 1.663
2 32200 -1833.377 -0.325 -43.652 1.126 1.114 21.893 5.972 12.585 1.647 0.987 0.853 1.31
2 32250 -1871.934 -0.259 -52.78 1.435 1.271 18.819 7.077 12.552 1.516 0.983 0.644 1.681
2 32300 -1879.711 -0.311 -52.346 1.615 1.188 14.874 4.109 11.017 1.359 0.982 0.677 0.935
2 32350 -1865.26 -0.268 -44.281 1.35 0.941 19.492 3.788 11.466 1.497 0.987 0.75 1.474
2 32400 -1895.362 -0.219 -45.856 1.491 0.903 18.997 7.459 17.724 1.432 0.987 0.5 1.78
2 32450 -1828.581 -0.312 -45.871 1.296 1.071 21.379 6.102 12.48 1.613 0.991 0.57 2.355
2 32500 -1859.478 -0.354 -43.883 1.106 1.077 16.484 5.882 11.88 1.703 0.989 0.53 1.624
2 32550 -1849.839 -0.227 -54.517 1.355 1.346 17.657 6.291 12.913 1.475 0.987 0.902 1.501
2 32600 -1817.423 -0.195 -52.738 1.338 1.468 21.014 4.802 14.011 1.404 0.988 1.347 1.509
2 32650 -1853.844 -0.271 -54.258 1.366 1.525 22.234 5.34 11.145 1.393 0.987 0.92 1.225
2 32700 -1895.043 -0.204 -52.006 1.471 1.305 19.168 5.85 10.755 1.259 0.987 0.69 1.504
2 32750 -1814.297 -0.259 -47.772 1.226 1.2 23.165 6.473 10.401 1.652 0.991 0.623 1.513
2 32800 -1864.361 -0.332 -39.572 1.042 0.969 18.035 1.997 10.208 1.689 0.99 0.606 1.259
2 32850 -1829.692 -0.281 -48.553 1.361 1.195 17.338 5.061 11.261 1.37 0.987 0.532 1.497
2 32900 -1879.958 -0.273 -53.528 1.514 1.365 22.428 5.897 8.792 1.558 0.992 0.913 1.591
2 32950 -1837.866 -0.248 -46.207 1.16 1.195 21.323 6.225 13.264 1.491 0.991 0.858 1.449
2 33000 -1819.773 -0.194 -33.05 0.819 0.68 20.867 6.16 11.205 1.518 0.991 1.003 1.728
2 33050 -1864.497 -0.231 -40.259 1.076 0.917 17.484 3.387 11.222 1.466 0.989 0.539 1.63
2 33100 -1898.642 -0.183 -49.211 1.39 1.28 24.152 6.14 12.395 1.343 0.987 0.957 1.63
2 33150 -1798.02 -0.2 -48.719 1.191 1.298 18.347 6.976 13.418 1.286 0.985 0.647 2.481
2 33200 -1877.133 -0.172 -41.779 1.064 1.001 22.115 3.735 12.475 1.424 0.989 0.716 1.687
2 33250 -1830.785 -0.249 -57.102 1.696 1.28 25.593 7.095 11.536 1.228 0.987 0.852 1.789
2 33300 -1851.067 -0.292 -50.793 1.587 1.089 24.572 6.506 12.306 1.196 0.988 0.73 1.815
2 33350 -1854.477 -0.315 -46.157 1.289 1.098 21.446 5.824 8.118 1.329 0.991 0.635 1.666
2 33400 -1862.954 -0.269 -53.763 1.468 1.374 21.914 6.175 12.137 1.289 0.989 0.589 2.075
2 33450 -1818.849 -0.224 -53.117 1.486 1.339 21.304 8.605 16.32 1.502 0.99 0.472 1.727
2 33500 -1831.108 -0.3 -37.877 1.063 0.893 25.47 7.734 11.914 1.532 0.986 0.486 1.56
2 33550 -1829.631 -0.285 -56.014 1.533 1.361 31.509 13.113 17.461 1.249 0.976 0.698 1.423
2 33600 -1845.773 -0.291 -60.835 1.845 1.448 20.576 7.293 12.765 1.313 0.98 0.626 1.32
2 33650 -1848.818 -0.286 -48.735 1.347 1.113 28.231 10.773 14.029 1.321 0.982 0.802 1.297
2 33700 -1877.828 -0.264 -54.492 1.417 1.367 24.03 5.972 9.891 1.493 0.986 0.735 1.755
2 33750 -1879.168 -0.268 -51.405 1.309 1.43 26.863 8.71 14.328 1.441 0.986 0.997 0.983
2 33800 -1836.068 -0.283 -30.218 0.492 0.899 25.936 4.831 10.881 1.332 0.986 0.622 1.079
2 33850 -1868.668 -0.279 -48.543 1.232 1.372 24.257 9.284 11.223 1.41 0.986 0.487 1.637
2 33900 -1881.034 -0.255 -44.778 1.131 1.142 23.035 7.367 13.297 1.667 0.987 0.821 1.566
2 33950 -1855.596 -0.347 -54.753 1.455 1.463 22.118 8.063 12.229 1.842 0.986 0.568 1.142
2 34000 -1845.487 -0.249 -46.603 1.183 1.269 24.989 8.189 13.173 1.503 0.983 0.561 1.782
2 34050 -1859.86 -0.252 -52.061 1.251 1.406 21.575 9.636 13.618 1.394 0.982 0.642 1.494
2 34100 -1850.069 -0.291 -51.843 1.293 1.439 23.831 7.042 11.083 1.512 0.982 0.374 1.243
2 34150 -1884.512 -0.239 -45.847 1.216 1.121 19.853 7.861 11.237 1.566 0.98 0.491 1.742
2 34200 -1854.182 -0.292 -43.902 1.258 1.079 18.907 4.185 10.178 1.459 0.979 0.631 1.477
2 34250 -1859.567 -0.289 -52.231 1.341 1.547 23.387 5.688 10.613 1.347 0.981 0.593 1.639
2 34300 -1839.55 -0.302 -45.913 1.164 1.163 23.331 6.988 12.103 1.445 0.981 0.661 1.736
2 34350 -1837.106 -0.268 -37.578 0.917 0.915 22.587 5.781 10.455 1.512 0.976 0.76 1.477
2 34400 -1863.963 -0.286 -45.597 1.186 1.226 23.346 4.91 9.36 1.344 0.966 0.727 1.607
2 34450 -1844.315 -0.28 -42.371 0.965 1.148 21.871 6.955 14.172 1.402 0.974 0.859 1.606
2 34500 -1781.193 -0.239 -41.008 1.214 0.83 28.309 6.908 11.717 1.676 0.983 1.452 1.508
2 34550 -1822.234 -0.227 -56.818 1.489 1.469 26.387 6.19 10.231 1.392 0.983 0.882 1.34
2 34600 -1884.105 -0.219 -47.176 1.311 1.133 27.429 7.43 12.328 1.491 0.98 0.959 1.506
2 34650 -1784.766 -0.288 -43.271 1.189 1.108 28.271 9.434 13.267 1.342 0.974 0.941 1.282
2 34700 -1818.615 -0.267 -42.755 1.076 1.04 28.71 8.905 11.966 1.729 0.968 1.059 1.127
2 34750 -1827.037 -0.359 -50.987 1.606 1.192 21.183 5.263 11.046 1.673 0.975 0.944 1.203
2 34800 -1867.273 -0.3 -39.295 0.934 0.995 22.223 6.423 14.353 1.624 0.97 0.662 1.392
2 34850 -1836.825 -0.222 -42.616 0.889 1.308 19.722 5.936 8.953 1.727 0.98 0.799 1.333
2 34900 -1829.284 -0.303 -43.144 0.92 1.269 20.46 6.61 11.138 1.712 0.982 0.744 1.047
2 34950 -1842.295 -0.243 -49.506 1.171 1.34 23.528 6.653 11.379 1.6 0.981 0.737 1.06
2 35000 -1853.276 -0.203 -45.778 1.129 1.219 23.077 3.698 10.188 1.234 0.976 0.732 1.221
2 35050 -1881.866 -0.201 -41.386 0.864 1.192 19.48 4.792 9.075 1.278 0.979 0.798 1.319
2 35100 -1870.023 -0.272 -44.206 1.007 1.22 22.25 7.871 12.528 1.172 0.984 0.566 1.43
2 35150 -1910.064 -0.237 -47.359 1.193 1.217 21.524 4.865 9.834 1.168 0.982 0.523 1.288
2 35200 -1874.713 -0.312 -48.15 1.339 1.221 24.589 10.225 14.747 1.338 0.987 0.666 1.165
2 35250 -1878.815 -0.312 -37.147 0.894 0.911 27.245 7.828 14.316 1.605 0.991 0.495 1.226
2 35300 -1912.548 -0.289 -30.547 0.664 0.738 23.062 7.507 11.357 1.425 0.991 0.671 1.72
2 35350 -1832.365 -0.278 -47.615 1.395 1.123 24.98 8.972 14.658 1.433 0.992 0.437 1.502
2 35400 -1807.138 -0.23 -52.083 1.511 1.207 18.746 6.479 12.335 1.71 0.992 0.538 1.249
2 35450 -1831.744 -0.266 -32.368 0.707 0.789 30.783 7.95 13.204 1.335 0.986 0.642 0.86
2 35500 -1881.721 -0.259 -46.499 1.313 1.114 26.708 6.887 10.191 1.252 0.988 0.811 1.088
2 35550 -1846.018 -0.23 -36.445 1.136 0.662 17.732 6.527 12.51 1.505 0.989 0.785 1.681
2 35600 -1880.716 -0.236 -36.037 0.912 0.867 18.545 5.65 10.379 1.321 0.985 0.552 1.597
2 35650 -1901.655 -0.22 -40.698 0.838 1.183 20.571 5.695 9.878 1.202 0.983 0.574 1.319
2 35700 -1855.219 -0.208 -50.829 1.391 1.243 24.888 6.153 10.109 1.422 0.986 0.679 1.273
2 35750 -1873.132 -0.211 -46.083 1.264 1.05 22.961 5.846 9.671 1.376 0.986 0.754 0.753
2 35800 -1831.205 -0.272 -41.407 0.962 1.11 17.951 3.119 8.55 1.626 0.986 0.638 1.224
2 35850 -1819.5 -0.257 -45.841 1.295 1.043 21.906 4.025 8.736 1.438 0.983 0.746 1.42
2 35900 -1828.128 -0.265 -42.596 1.258 0.873 23.715 5.69 8.385 1.557 0.987 0.527 1.774
2 35950 -1805.911 -0.328 -50.222 1.402 1.268 23.317 6.449 9.92 1.624 0.988 0.724 1.241
2 36000 -1837.583 -0.231 -40.631 0.953 1.076 21.382 1.952 9.894 1.406 0.985 0.733 1.662
2 36050 -1814.036 -0.22 -38.242 0.968 0.863 22.502 4.879 12.668 1.549 0.987 0.71 1.232
2 36100 -1828.825 -0.272 -43.738 1.22 0.981 22.564 6.134 10.824 1.635 0.988 0.793 1.812
2 36150 -1846.321 -0.268 -39.139 1.081 0.913 21.111 4.626 10.076 1.565 0.988 0.477 1.612
2 36200 -1884.979 -0.259 -36.878 0.958 0.923 26.964 7.059 10.55 1.148 0.983 0.49 1.813
2 36250 -1875.853 -0.262 -41.316 0.945 1.07 21.799 6.502 12.388 1.463 0.986 1.009 1.974
2 36300 -1909.378 -0.232 -45.367 1.091 1.212 25.238 7.399 10.773 1.322 0.986 0.786 2.097
2 36350 -1863.884 -0.254 -47.214 1.154 1.276 21.409 3.627 7.935 1.258 0.983 0.8 1.162
2 36400 -1834.54 -0.271 -46.268 1.28 1.098 17.443 4.673 8.438 1.572 0.986 0.515 1.539
2 36450 -1854.357 -0.27 -33.57 0.962 0.713 29.04 10.097 10.862 1.241 0.984 0.743 1.252
2 36500 -1853.344 -0.276 -29.173 0.684 0.723 19.319 2.253 8.796 1.448 0.986 0.441 1.153
2 36550 -1872.165 -0.272 -40.192 1.098 1.018 18.315 5.778 9.433 1.415 0.988 0.684 1.071
2 36600 -1806.109 -0.258 -44.607 1.303 1.015 19.464 3.929 10.099 1.634 0.989 0.626 1.021
2 36650 -1851.604 -0.224 -35.229 0.937 0.779 25.611 6.548 9.442 1.702 0.992 0.664 1.425
2 36700 -1851.9 -0.233 -33.704 0.791 0.782 18.341 4.163 9.554 1.532 0.991 0.581 1.208
2 36750 -1824.274 -0.227 -40.914 0.911 1.074 18.433 5.243 9.082 1.617 0.992 0.603 1.441
2 36800 -1882.775 -0.286 -36.522 0.97 0.897 20.106 8.343 14.859 1.455 0.989 0.459 1.311
2 36850 -1836.029 -0.261 -44.591 1.287 0.999 18.989 3.956 9.271 1.502 0.992 0.938 1.293
2 36900 -1847.242 -0.21 -46.979 1.281 1.154 19.126 4.435 8.574 1.532 0.992 0.738 1.551
2 36950 -1801.493 -0.232 -32.741 0.714 0.803 19.239 6.255 9.268 1.704 0.994 0.786 1.238
2 37000 -1862.602 -0.239 -41.009 0.96 1.174 20.248 2.366 8.593 1.482 0.993 0.717 1.484
2 37050 -1869.337 -0.25 -37.226 0.707 1.131 21.408 3.483 7.353 1.541 0.993 0.577 1.22
2 37100 -1874.666 -0.284 -40.119 0.856 1.233 20.357 5.322 8.16 1.177 0.992 0.926 1.094
2 37150 -1867.424 -0.208 -30.078 0.608 0.782 20.822 4.866 8.76 1.384 0.993 0.898 1.83
2 37200 -1891.831 -0.213 -33.616 0.945 0.66 22.287 7.727 12.468 1.471 0.994 0.654 1.574
2 37250 -1881.378 -0.248 -49.469 1.512 1.069 27.967 3.407 9.547 1.472 0.993 0.641 1.269
2 37300 -1840.88 -0.259 -48.995 1.462 1.096 16.076 4.407 7.451 1.328 0.993 0.744 1.47
2 37350 -1846.976 -0.22 -42.046 1.09 1.02 16.46 4.561 9.407 1.429 0.993 0.776 2.024
2 37400 -1874.867 -0.208 -41.553 1.108 1.006 21.74 4.066 9.202 1.284 0.993 0.679 1.793
2 37450 -1877.213 -0.261 -48.042 1.297 1.203 26.257 4.169 10.081 1.371 0.994 0.483 1.957
2 37500 -1873.668 -0.231 -30.843 0.553 0.765 24.803 6.816 12.951 1.442 0.995 0.577 1.362
2 37550 -1842.319 -0.244 -42.131 1.081 1.019 21.671 5.518 10.766 1.43 0.995 0.758 1.574
2 37600 -1876.168 -0.185 -37.133 1.09 0.767 23.925 7.696 9.413 1.241 0.996 0.743 1.49
2 37650 -1840.563 -0.252 -32.477 0.788 0.756 25.917 8.736 12.359 1.537 0.996 0.541 1.23
2 37700 -1833.384 -0.262 -42.544 1.226 1.02 21.954 4.034 9.666 1.536 0.996 0.627 1.303
2 37750 -1880.842 -0.266 -39.718 0.918 1.073 21.829 10.098 13.837 1.355 0.996 0.524 1.551
2 37800 -1861.73 -0.239 -40.037 0.956 1.119 21.929 4.068 9.119 1.427 0.997 0.662 1.42
2 37850 -1854.187 -0.211 -50.047 1.295 1.329 21.228 3.136 8.472 1.557 0.996 0.877 1.319
2 37900 -1853.47 -0.22 -36.659 0.844 0.882 27.551 10.053 10.861 1.508 0.997 0.545 1.509
2 37950 -1883.343 -0.29 -34.033 0.734 0.952 19.394 1.759 6.736 1.228 0.995 0.67 1.337
2 38000 -1897.477 -0.253 -36.764 0.825 1.055 23.324 6.084 9.302 1.429 0.995 1.036 1.062
2 38050 -1922.38 -0.266 -34.93 0.952 0.81 16.861 4.909 9.325 1.285 0.995 0.622 1.272
2 38100 -1896.01 -0.274 -40.131 0.959 1.057 19.21 4.777 8.259 1.255 0.995 0.85 0.85
2 38150 -1926.802 -0.174 -41.595 1.158 0.937 17.158 3.066 7.844 1.324 0.996 0.771 1.295
2 38200 -1905.424 -0.246 -32.778 0.885 0.76 19.636 3.55 7.094 1.205 0.994 0.631 0.867
2 38250 -1870.364 -0.253 -34.264 0.897 0.894 23.856 5.098 8.213 1.38 0.995 0.615 1.167
2 38300 -1894.327 -0.206 -32.525 0.827 0.78 17.039 1.68 9.681 1.623 0.995 0.778 1.254
2 38350 -1908.767 -0.315 -25.317 0.684 0.429 14.057 3.397 7.35 1.465 0.996 0.864 1.218
2 38400 -1854.967 -0.268 -40.969 1.087 1.041 20.084 4.114 8.249 1.766 0.996 1.02 1.282
2 38450 -1899.996 -0.279 -30.883 0.771 0.688 20.199 4.672 8.876 1.332 0.995 0.759 1.011
2 38500 -1832.638 -0.243 -43.544 1.114 1.094 22.642 4.723 8.719 1.784 0.996 1.462 1.237
2 38550 -1857.311 -0.296 -47.459 1.376 1.133 15.628 4.119 8.753 1.609 0.993 1.063 1.211
2 38600 -1859.71 -0.239 -32.447 0.843 0.722 22.821 5.364 7.924 1.59 0.994 1.138 1.087
2 38650 -1885.279 -0.238 -38.092 1.017 0.885 18.673 5.307 10.865 1.564 0.996 0.954 0.978
2 38700 -1884.188 -0.208 -33.197 0.717 0.922 24.484 7.407 10.072 1.315 0.995 0.775 0.735
2 38750 -1907.298 -0.29 -31.163 0.697 0.873 19.818 5.609 9.872 1.535 0.996 1.128 0.563
2 38800 -1875.939 -0.316 -37.055 0.882 1.018 21.819 2.987 9.55 1.489 0.995 1.155 0.633
2 38850 -1899.83 -0.283 -34.991 0.777 0.886 18.157 3.831 10.016 1.445 0.995 1.064 0.437
2 38900 -1880.724 -0.315 -28.412 0.523 0.801 18.093 2.387 9.477 1.097 0.994 1.209 0.513
2 38950 -1889.466 -0.235 -40.118 0.929 1.126 21.652 6.81 10.355 1.155 0.992 1.204 0.933
2 39000 -1915.399 -0.224 -35.172 0.837 0.868 24.043 4.249 9.021 1.263 0.993 1.169 0.534
2 39050 -1879.314 -0.179 -34.934 0.863 0.865 22.404 4.503 9.849 1.314 0.994 1.479 0.51
2 39100 -1901.709 -0.276 -38.422 0.974 1.058 16.717 2.598 7.654 1.458 0.996 0.904 0.653
2 39150 -1905.689 -0.276 -38.431 1.051 0.936 15.931 3.116 10.178 1.556 0.995 1.094 0.538
2 39200 -1876.524 -0.218 -26.907 0.577 0.639 16.553 3.37 7.957 1.374 0.994 1.215 0.897
2 39250 -1853.947 -0.215 -35.265 0.67 1.149 17.9 3.609 7.386 1.321 0.992 1.01 0.86
2 39300 -1881.042 -0.181 -34.901 0.81 0.918 15.953 5.223 11.419 1.349 0.992 1.202 0.686
2 39350 -1867.556 -0.234 -38.691 0.781 1.249 21.678 5.125 11.288 1.348 0.992 1.003 0.678
2 39400 -1896.415 -0.287 -37.883 0.808 1.169 18.982 3.253 7.415 1.289 0.99 0.921 0.52
2 39450 -1834.765 -0.259 -39.681 0.736 1.21 20.286 5.886 9.092 1.233 0.99 1.287 0.549
2 39500 -1887.955 -0.291 -36.777 0.895 1.008 19.773 3.382 9.045 1.353 0.989 1.614 0.643
2 39550 -1868.21 -0.228 -37.516 0.828 0.967 18.406 4.763 8.295 1.575 0.99 1.3 0.625
2 39600 -1837.256 -0.265 -24.113 0.332 0.683 25.14 5.218 10.024 1.617 0.991 1.475 0.75
2 39650 -1878.408 -0.192 -39.545 0.825 1.133 24.372 7.851 9.777 1.491 0.992 1.832 0.593
2 39700 -1904.226 -0.258 -39.886 0.853 1.152 26.81 4.171 8.201 1.321 0.991 1.326 0.529
2 39750 -1859.453 -0.289 -42.36 1.016 1.112 23.481 7.522 10.472 1.598 0.992 1.063 0.495
2 39800 -1877.954 -0.307 -42.393 1.097 1.111 25.161 8.839 12.498 1.422 0.99 1.312 0.761
2 39850 -1820.444 -0.27 -42.319 0.964 1.169 16.981 5.401 9.145 1.739 0.994 1.102 0.727
2 39900 -1862.716 -0.317 -37.114 0.906 1.001 18.482 4.655 8.65 1.408 0.99 1.446 0.651
2 39950 -1831.582 -0.247 -48.831 1.358 1.21 23.403 5.377 8.623 1.521 0.992 1.361 0.728
2 40000 -1839.69 -0.264 -50.519 1.48 1.262 23.155 7.651 11.107 1.513 0.991 1.465 0.75
2 40050 -1825.657 -0.195 -42.675 0.986 1.125 24.657 5.436 9.953 1.754 0.994 1.721 1.315
2 40100 -1853.73 -0.187 -34.857 0.748 0.974 24.464 5.783 10.743 1.5 0.991 1.568 1.071
2 40150 -1870.838 -0.201 -50.957 1.354 1.263 18.483 5.351 10.14 1.475 0.991 1.222 0.704
2 40200 -1816.801 -0.183 -50.708 1.449 1.168 20.33 3.86 8.791 1.808 0.992 1.463 0.468
2 40250 -1865.242 -0.285 -55.497 1.499 1.414 26.426 7.049 9.783 1.506 0.989 1.025 0.678
2 40300 -1830.78 -0.265 -52.446 1.569 1.134 33.579 11.377 10.507 1.748 0.989 1.168 0.615
2 40350 -1793.289 -0.274 -43.835 1.301 0.967 20.356 7.321 10.098 1.736 0.986 1.386 0.879
2 40400 -1817.408 -0.293 -41.548 1.222 0.984 17.407 4.715 9.701 1.991 0.988 1.224 0.971
2 40450 -1816.489 -0.32 -42.95 1.081 1.198 22.317 6.409 9.039 2.041 0.985 1.287 0.824
2 40500 -1884.236 -0.223 -41.82 1.104 1.031 25.252 7.428 10.067 1.434 0.979 1.276 0.536
2 40550 -1865.394 -0.22 -37.583 0.957 0.926 28.319 4.345 8.958 1.187 0.968 2.125 0.631
2 40600 -1856.783 -0.29 -45.141 1.018 1.297 23.918 7.386 9.691 1.418 0.977 1.431 0.724
2 40650 -1863.542 -0.252 -33.302 0.647 0.964 23.305 6.505 8.319 1.6 0.983 2.051 0.592
2 40700 -1838.841 -0.298 -42.888 0.756 1.368 19.361 3.908 7.837 1.571 0.985 1.717 0.473
2 40750 -1864.377 -0.262 -40.849 0.943 1.169 18.016 5.611 9.619 1.435 0.985 2.017 0.448
2 40800 -1844.648 -0.279 -32.08 0.676 0.873 18.523 4.764 8.812 1.414 0.984 1.118 0.341
2 40850 -1843.366 -0.246 -41.698 1.064 1.108 16.443 4.079 8.361 1.359 0.982 1.15 0.234
2 40900 -1859.63 -0.213 -40.59 0.87 1.171 19.405 5.894 8.475 1.649 0.986 1.765 0.408
2 40950 -1902.525 -0.255 -32.599 0.574 0.958 23.346 7.211 9.389 1.362 0.979 1.335 0.592
2 41000 -1876.471 -0.164 -35.374 0.791 0.887 24.381 6.952 8.216 1.418 0.978 1.553 0.646
2 41050 -1814.081 -0.258 -39.064 0.858 1.165 17.909 6.308 10.045 1.798 0.981 1.853 0.676
2 41100 -1833.977 -0.231 -47.028 1.164 1.284 21.348 4.843 9.875 1.582 0.978 1.853 0.853
2 41150 -1877.022 -0.21 -48.108 1.376 1.177 25.919 9.473 11.012 1.284 0.98 1.828 0.551
2 41200 -1848.374 -0.173 -41.326 1.046 1.048 18.757 5.858 9.741 1.348 0.976 2.023 0.797
2 41250 -1867.098 -0.259 -35.64 0.765 1.036 20.985 7.039 8.546 1.364 0.977 1.956 0.665
2 41300 -1818.822 -0.297 -45.391 0.991 1.309 24.627 9.132 11.838 1.348 0.981 1.449 0.671
2 41350 -1827.99 -0.19 -42.894 0.934 1.196 20.53 4.305 7.756 1.486 0.987 1.507 0.969
2 41400 -1845.339 -0.278 -36.835 0.747 1.086 20.492 4.223 7.612 1.494 0.991 1.676 0.752
2 41450 -1811.123 -0.258 -44.584 1.035 1.261 19.076 5.578 9.2 1.545 0.993 1.936 0.598
2 41500 -1838.059 -0.24 -33.692 0.689 0.945 21.808 6.991 8.031 1.572 0.993 1.914 1.03
2 41550 -1836.014 -0.246 -41.782 1.182 0.996 27.856 7.536 10.362 1.395 0.993 1.847 0.824
2 41600 -1847.224 -0.226 -52.762 1.599 1.149 18.974 6.394 8.381 1.394 0.994 1.882 1.242
2 41650 -1876.018 -0.203 -31.808 0.799 0.637 21.743 7.414 9.82 1.312 0.991 2.025 1.095
2 41700 -1880.632 -0.156 -37.425 1.101 0.759 24.522 7.346 7.961 1.135 0.991 1.402 0.806
2 41750 -1836.979 -0.196 -33.97 0.886 0.82 23.793 6.215 10.702 1.418 0.993 2.005 0.927
2 41800 -1908.136 -0.225 -33.995 0.786 0.881 22.217 5.412 7.868 1.312 0.993 1.478 0.658
2 41850 -1840.49 -0.27 -30.681 0.676 0.742 18.659 3.445 6.262 1.576 0.995 1.644 0.586
2 41900 -1855.271 -0.267 -31.548 0.792 0.738 19.895 2.684 7.681 1.469 0.995 1.746 0.588
2 41950 -1876.032 -0.315 -35.78 0.836 0.954 18.623 7.325 9.203 1.503 0.996 1.2 1.014
2 42000 -1860.133 -0.284 -29.958 0.621 0.759 16.619 5.832 8.727 1.678 0.994 1.278 0.914
2 42050 -1838.494 -0.2 -36.875 0.832 0.97 22.827 6.705 9.765 1.331 0.992 1.341 0.769
2 42100 -1851.787 -0.215 -36.051 0.808 1.007 22.047 6.419 9.524 1.573 0.993 1.624 0.595
2 42150 -1852.027 -0.209 -38.494 0.879 1.055 18.648 6.81 7.685 1.822 0.994 1.637 0.597
2 42200 -1852.378 -0.226 -44.217 1.065 1.239 23.078 8.041 12.529 1.666 0.992 1.234 0.468
2 42250 -1896.958 -0.231 -37.7 1.214 0.675 15.107 2.886 7.354 1.453 0.99 1.278 0.12
2 42300 -1890.224 -0.189 -37.422 1.079 0.791 21.18 4.768 11.471 1.445 0.991 1.41 0.083
2 42350 -1848.01 -0.151 -39.671 1.082 0.844 19.155 6.899 12.099 1.814 0.993 1.27 0.016
2 42400 -1873.303 -0.273 -28.531 0.663 0.712 22.05 6.955 9.245 1.748 0.992 1.368 0.046
2 42450 -1893.292 -0.375 -35.748 1.005 0.85 17.727 3.291 7.431 1.813 0.993 1.341 0.041
2 42500 -1868.711 -0.314 -43.652 1.271 1.041 28.286 6.252 7.613 1.744 0.991 1.528 0.028
2 42550 -1880.29 -0.279 -30.06 0.787 0.711 20.797 6.069 8.214 1.851 0.991 1.452 0.088
2 42600 -1810.807 -0.214 -48.636 1.306 1.241 20.889 5.53 9.46 1.737 0.991 1.61 0.36
2 42650 -1839.574 -0.231 -46.944 1.218 1.265 16.828 4.044 8.7 1.667 0.989 1.158 0.491
2 42700 -1833.218 -0.262 -44.541 1.026 1.292 16.913 5.974 8.15 1.473 0.988 1.622 0.386
2 42750 -1872.962 -0.365 -42.204 1.281 0.982 17.876 5.797 10.024 1.487 0.991 1.256 0.468
2 42800 -1882.136 -0.264 -41.897 1.059 1.163 19.284 6.05 9.301 1.376 0.989 1.612 0.525
2 42850 -1884.425 -0.213 -34.812 0.844 0.826 19.102 8.697 11.154 1.237 0.988 1.355 0.659
2 42900 -1887.533 -0.201 -38.285 1.01 0.926 23.549 6.023 9.205 1.675 0.992 1.006 0.644
2 42950 -1874.013 -0.32 -38.917 0.892 1.054 25.044 6.828 10.112 1.542 0.99 1.415 0.645
2 43000 -1885.599 -0.227 -44.286 1.177 1.128 20.801 5.095 7.832 1.52 0.989 1.306 0.513
2 43050 -1875.357 -0.182 -46.183 1.131 1.295 19.855 5.551 8.641 1.335 0.989 1.27 0.809
2 43100 -1886.423 -0.276 -40.55 1.066 0.913 15.648 3.793 8.949 1.536 0.988 1.324 0.758
2 43150 -1845.458 -0.222 -43.074 1.263 0.914 26.321 8.122 7.805 1.841 0.992 1.779 0.637
2 43200 -1830.668 -0.283 -46.069 1.349 1.088 19.623 4.957 8.046 1.667 0.991 1.346 0.823
2 43250 -1812.55 -0.204 -39.937 1.146 0.85 21.202 7.515 9.867 1.503 0.99 1.502 0.594
2 43300 -1822.04 -0.248 -47.612 1.465 0.971 24.258 5.883 8.764 1.502 0.989 1.732 0.695
2 43350 -1871.652 -0.198 -45.214 1.227 1.088 15.499 4.392 8.17 1.459 0.987 1.722 0.929
2 43400 -1866.541 -0.26 -45.191 1.225 1.134 19.311 4.737 8.516 1.559 0.988 1.615 0.768
2 43450 -1854.194 -0.26 -44.086 1.167 1.082 25.252 7.085 7.467 1.634 0.991 1.845 0.563
2 43500 -1831.455 -0.193 -37.699 0.935 0.933 16.984 3.971 9.263 1.597 0.991 2.027 0.948
2 43550 -1851.781 -0.192 -48.624 1.295 1.23 20.218 4.001 7.64 1.436 0.989 2.302 0.9
2 43600 -1888.986 -0.229 -41.899 1.118 1.068 27.55 7.489 8.391 1.2 0.988 1.743 1.115
2 43650 -1884.947 -0.231 -44.627 1.11 1.191 18.663 4.084 8.983 1.328 0.987 1.25 0.615
2 43700 -1917.641 -0.234 -45.478 1.057 1.316 17.815 3.835 7.453 1.386 0.984 1.605 0.452
2 43750 -1829.717 -0.315 -39.333 1.036 0.941 24.904 7.626 7.263 1.537 0.988 1.355 0.727
2 43800 -1838.806 -0.266 -47.485 1.111 1.288 19.567 3.462 7.288 1.936 0.988 1.187 0.796
2 43850 -1821.398 -0.29 -47.621 1.133 1.351 22.254 3.911 10.131 1.783 0.986 1.462 0.476
2 43900 -1816.675 -0.345 -43.603 0.972 1.319 22.974 7.972 9.201 1.698 0.987 2.022 0.544
2 43950 -1813.768 -0.247 -41.926 1.028 1.12 19.896 5.761 9 1.465 0.983 1.842 0.414
2 44000 -1844.915 -0.319 -45.261 1.076 1.24 19.064 3.624 7.554 1.612 0.984 2.388 0.468
2 44050 -1817.55 -0.233 -42.006 1.08 1.09 18.482 6.657 8.531 1.607 0.982 2.242 0.526
2 44100 -1845.995 -0.307 -49.192 1.373 1.202 16.168 3.602 6.935 1.397 0.985 2.016 0.731
2 44150 -1847.992 -0.262 -44.132 1.111 1.148 17.971 5.324 8.164 1.399 0.985 1.359 0.537
2 44200 -1838.096 -0.295 -46.729 1.305 1.167 25.423 6.81 8.753 1.502 0.982 1.679 0.717
2 44250 -1826.114 -0.221 -37.212 0.934 0.906 14.049 5.341 9.278 1.35 0.977 1.682 0.689
2 44300 -1798.677 -0.17 -42.606 1.046 1.102 23.711 10.578 11.017 1.517 0.978 2.235 0.691
2 44350 -1824.601 -0.198 -39.777 1.146 0.835 25.186 8.577 9.799 1.671 0.983 1.9 0.841
2 44400 -1842.496 -0.258 -51.672 1.526 1.166 19.355 5.446 11.608 1.412 0.981 1.747 0.945
2 44450 -1829.423 -0.198 -47.368 1.335 1.091 16.495 3.834 9.593 1.483 0.981 1.672 0.821
2 44500 -1813.213 -0.176 -50.752 1.438 1.224 20.79 7.011 9.53 1.513 0.981 1.658 0.748
2 44550 -1858.494 -0.193 -47.219 1.198 1.286 22.832 8.251 10.7 1.433 0.985 1.604 0.592
2 44600 -1822.152 -0.32 -49.608 1.217 1.359 24.683 8.087 10.297 1.53 0.988 1.828 0.741
2 44650 -1812.43 -0.242 -47.083 1.154 1.27 16.126 5.138 9.422 1.529 0.989 2.419 0.775
2 44700 -1863.708 -0.237 -50.263 1.33 1.222 19.268 7.045 10.978 1.451 0.986 2.042 0.726
2 44750 -1852.694 -0.234 -46.115 1.157 1.233 24.132 6.736 9.122 1.719 0.989 1.645 0.794
2 44800 -1842.166 -0.296 -46.283 1.191 1.158 21.564 4.755 8.294 1.686 0.986 1.75 0.817
2 44850 -1861.519 -0.234 -44.758 1.225 1.013 21.358 5.366 8.791 1.64 0.989 1.95 0.911
2 44900 -1854.377 -0.263 -63.387 1.838 1.6 25.953 7.236 9.196 1.349 0.987 1.381 1.276
2 44950 -1873.33 -0.256 -49.769 1.334 1.274 24.409 9.037 11.827 1.66 0.992 1.212 1.009
2 45000 -1893.084 -0.292 -49.189 1.305 1.205 23.04 5.562 8.729 1.435 0.988 1.127 0.756
2 45050 -1861.455 -0.296 -47.652 1.179 1.24 18.954 4.575 10.296 1.41 0.989 1.124 0.825
2 45100 -1877.112 -0.313 -49.137 1.138 1.439 19.035 4.206 10.375 1.647 0.99 1.221 0.788
2 45150 -1851.568 -0.192 -55.064 1.488 1.415 18.565 6.498 10.161 1.514 0.991 1.948 0.78
2 45200 -1842.691 -0.21 -40.273 0.886 1.029 18.619 6.767 8.773 1.457 0.991 1.658 0.845
2 45250 -1876.405 -0.279 -53.042 1.411 1.395 21.681 5.844 7.229 1.55 0.991 1.56 0.734
2 45300 -1834.706 -0.237 -51.519 1.396 1.371 25.873 11.258 13.242 1.46 0.992 1.584 0.749
2 45350 -1860.311 -0.243 -55.054 1.619 1.249 20.609 5.331 8.086 1.383 0.988 1.341 0.719
2 45400 -1857.519 -0.28 -41.557 1.132 0.924 22.609 8.195 8.773 1.54 0.989 1.427 0.668
2 45450 -1838.116 -0.287 -49.184 1.358 1.222 18.702 4.822 7.055 1.417 0.991 2.044 0.726
2 45500 -1852.143 -0.219 -50.59 1.497 1.153 26.579 8.953 11.411 1.555 0.992 1.332 0.642
2 45550 -1844.083 -0.278 -41.896 1.138 0.964 24.137 9.644 11.601 1.639 0.993 1.929 0.653
2 45600 -1878.495 -0.283 -56.818 1.59 1.461 23.535 9.413 11.07 1.412 0.991 1.611 0.892
2 45650 -1855.057 -0.294 -53.897 1.402 1.488 25.254 8.54 11.954 1.488 0.993 1.696 0.712
2 45700 -1807.131 -0.254 -41.88 1.07 1.075 26.013 10.048 13.547 1.943 0.994 1.54 0.616
2 45750 -1852.964 -0.306 -46.557 1.222 1.136 21.958 7.76 11.304 1.721 0.995 1.714 0.578
2 45800 -1808.217 -0.357 -33.053 0.686 0.883 27.827 8.801 9.913 2.01 0.996 1.372 0.549
2 45850 -1860.482 -0.271 -41.865 1.107 1.027 15.919 4.982 9.194 1.565 0.994 1.501 0.636
2 45900 -1839.294 -0.311 -52.077 1.551 1.197 33.398 10.497 11.131 1.572 0.994 1.725 0.613
2 45950 -1851.795 -0.265 -48.456 1.39 1.012 22.217 9.377 11.309 1.607 0.993 1.547 0.793
2 46000 -1856.002 -0.288 -49.159 1.459 1.1 30.491 11.762 11.292 1.495 0.989 1.719 0.768
2 46050 -1864.984 -0.223 -54.388 1.605 1.371 21.024 7.008 7.356 1.491 0.991 1.824 0.592
2 46100 -1867.444 -0.245 -53.754 1.594 1.231 24.573 9.025 9.236 1.446 0.991 1.723 0.689
2 46150 -1878.456 -0.179 -63.409 1.845 1.501 21.906 7.778 8.624 1.183 0.986 1.398 0.686
2 46200 -1854.012 -0.215 -51.491 1.469 1.205 23.989 8.463 9.739 1.369 0.988 2.27 0.53
2 46250 -1864.056 -0.261 -51.752 1.506 1.215 25.183 8.988 8.584 1.65 0.992 1.801 0.595
2 46300 -1861.98 -0.244 -52.208 1.519 1.219 22.804 9.102 10.053 1.363 0.992 1.219 0.469
2 46350 -1820.82 -0.185 -56.99 1.695 1.338 24.832 6.959 8.078 1.314 0.994 2.328 0.68
2 46400 -1855.32 -0.197 -58.608 1.72 1.423 24.704 9.039 10.341 1.716 0.993 1.546 0.486
2 46450 -1875.53 -0.187 -37.173 0.951 0.872 24.403 7.328 10.831 1.684 0.993 1.707 0.702
2 46500 -1853.021 -0.205 -45.484 1.308 1.026 18.091 5.585 8.191 1.522 0.992 1.594 0.468
2 46550 -1828.9 -0.253 -37.717 1.003 0.878 27.755 8.348 8.708 1.847 0.993 2.603 0.608
2 46600 -1849.636 -0.205 -38.17 0.743 1.066 24.379 8.474 10.084 1.289 0.991 1.974 0.949
2 46650 -1892.369 -0.204 -42.822 1.001 1.189 24.208 7.612 7.664 1.219 0.991 1.883 1.009
2 46700 -1843.045 -0.173 -40.179 0.906 1.078 28.102 7.299 7.092 1.313 0.99 1.913 0.995
2 46750 -1856.63 -0.203 -45.229 1.052 1.175 24.423 7.489 9.356 1.244 0.988 1.917 0.978
2 46800 -1868.199 -0.191 -49.446 1.421 1.091 19.095 5.211 9.435 1.229 0.985 1.794 0.804
2 46850 -1812.737 -0.207 -43.583 1.113 1.047 22.385 7.342 9.582 1.334 0.988 2.117 0.831
2 46900 -1826.351 -0.148 -44.588 1.07 1.171 24.754 9.349 10.176 1.212 0.987 2.312 0.995
2 46950 -1853.058 -0.22 -44.184 1.293 1.042 29.278 9.62 13.315 1.296 0.986 1.719 1.005
2 47000 -1807.412 -0.207 -43.644 1.297 0.903 19.335 5.122 9.384 1.388 0.988 1.805 0.775
2 47050 -1788.797 -0.304 -45.112 1.414 0.842 17.428 5.297 8.079 1.519 0.99 1.691 0.546
2 47100 -1909.68 -0.242 -56.065 1.76 1.204 25.609 6.743 10.105 1.211 0.984 1.435 0.655
2 47150 -1885.5 -0.219 -39.667 1.123 0.81 21.342 5.607 9.183 1.304 0.985 1.534 0.53
2 47200 -1863.825 -0.216 -46.081 1.54 0.811 19.805 6.633 10.745 1.19 0.987 1.331 0.726
2 47250 -1872.241 -0.253 -47.886 1.511 0.976 23.066 8.123 9.733 1.327 0.989 1.714 0.92
2 47300 -1865.278 -0.244 -46.179 1.31 1.068 20.275 5.382 8.705 1.157 0.988 1.671 0.791
2 47350 -1894.304 -0.203 -43.613 1.129 1.038 22.148 8.639 12.237 1.351 0.99 1.751 0.542
2 47400 -1846.677 -0.265 -41.712 1.098 0.988 17.824 4.819 10.006 1.376 0.99 2.173 0.681
2 47450 -1858.067 -0.236 -43.175 1.097 1.15 20.989 6.254 11.013 1.333 0.992 1.812 0.635
2 47500 -1882.465 -0.26 -38.745 0.878 1.015 21.294 8.424 9.41 1.362 0.992 1.928 0.496
2 47550 -1884.094 -0.176 -37.324 0.865 0.891 21.858 8.016 12.234 1.211 0.993 2.061 0.794
2 47600 -1889.05 -0.213 -33.41 0.649 0.91 20.386 5.613 8.815 1.228 0.992 2.389 0.695
2 47650 -1878.593 -0.213 -42.504 1.167 1.029 20.923 8.023 9.897 1.428 0.994 2.37 0.811
2 47700 -1862.148 -0.23 -35.413 0.79 0.899 19.488 7.203 9.055 1.419 0.993 1.791 0.809
2 47750 -1860.428 -0.234 -35.135 0.748 1.014 28.3 7.384 8.818 1.379 0.987 1.635 0.726
2 47800 -1869.801 -0.221 -43.033 1.061 1.188 21.394 5.524 9.017 1.512 0.992 1.324 0.679
2 47850 -1857.12 -0.202 -28.964 0.596 0.77 24.619 8.519 10.092 1.394 0.99 1.595 0.867
2 47900 -1861.544 -0.138 -46.598 1.289 1.109 20.836 6.464 8.775 1.345 0.99 1.453 0.708
2 47950 -1838.995 -0.238 -29.06 0.643 0.659 21.003 6.279 8.44 1.383 0.99 1.874 0.72
2 48000 -1820.244 -0.238 -51.075 1.404 1.313 18.06 5.912 10.448 1.428 0.992 2.257 0.666
2 48050 -1847.368 -0.242 -35.949 0.821 0.867 20.803 4.728 8.019 1.608 0.993 2.354 0.574
2 48100 -1831.965 -0.274 -34.681 0.785 0.907 24.745 8.579 8.637 1.657 0.993 2.178 0.494
2 48150 -1860.24 -0.336 -36.435 0.906 0.901 23.799 6.325 8.254 1.754 0.992 1.614 0.411
2 48200 -1846.582 -0.194 -43.116 1.128 1.064 24.989 7.197 10.912 1.605 0.993 1.761 0.501
2 48250 -1835.823 -0.174 -38.958 0.905 1.035 18.158 5.187 10.147 1.447 0.993 1.705 0.592
2 48300 -1848.166 -0.243 -43.008 1.05 1.124 19.131 6.191 7.93 1.548 0.992 1.395 0.767
2 48350 -1842.491 -0.191 -37.608 0.813 1.029 21.041 5.335 7.771 1.639 0.991 1.57 0.59
2 48400 -1878.056 -0.279 -45.467 1.177 1.144 19.629 6.625 9.967 1.558 0.989 1.781 0.759
2 48450 -1847.222 -0.248 -38.042 0.915 0.99 21.363 7.519 8.564 1.51 0.988 1.305 0.839
2 48500 -1825.419 -0.298 -39.065 0.992 0.919 21.973 6.884 9.236 1.742 0.99 1.223 0.5
2 48550 -1829.866 -0.307 -39.656 1.071 1.028 30.096 9.121 7.111 1.659 0.991 1.302 0.353
2 48600 -1828.241 -0.32 -49.248 1.32 1.239 20.652 5.542 7.675 1.696 0.991 1.628 0.216
2 48650 -1858.253 -0.249 -44.11 1.207 1.037 20.163 6.229 8.155 1.856 0.993 1.576 0.275
2 48700 -1851.508 -0.223 -47.601 1.242 1.286 32.841 6.984 7.927 1.679 0.991 1.374 0.497
2 48750 -1839.735 -0.247 -52.906 1.339 1.454 26.928 9.586 9.631 1.509 0.99 1.307 0.579
2 48800 -1879.991 -0.292 -39.535 0.988 1.002 18.961 4.374 9.181 1.403 0.989 1.269 0.569
2 48850 -1844.474 -0.254 -36.924 1.04 0.803 22.532 7.448 9.999 1.644 0.992 1.047 0.682
2 48900 -1858.388 -0.226 -47.511 1.374 1.229 21.075 7.088 8.374 1.784 0.992 1.306 0.869
2 48950 -1832.007 -0.293 -43.035 0.949 1.249 22.577 5.122 7.367 1.629 0.99 1.44 0.954
2 49000 -1870.377 -0.257 -27.752 0.415 0.825 28.715 8.606 9.255 1.466 0.988 0.979 0.593
2 49050 -1868.938 -0.247 -33.607 0.66 0.896 26.145 10.284 12.754 1.522 0.988 1.676 0.816
2 49100 -1860.016 -0.27 -40.401 0.994 1.016 29.794 11.185 11.411 1.584 0.988 1.329 0.475
2 49150 -1855.413 -0.295 -53.388 1.466 1.406 18.633 6.357 9.686 1.672 0.991 1.515 0.534
2 49200 -1855.098 -0.218 -42.395 0.953 1.145 24.055 8.256 10.262 1.575 0.99 1.338 0.428
2 49250 -1876.679 -0.285 -45.182 1.111 1.226 20.539 5.706 7.258 1.477 0.991 1.999 0.466
2 49300 -1836.805 -0.263 -51.775 1.502 1.263 23.709 7.231 8.34 1.643 0.992 1.731 0.808
2 49350 -1811.793 -0.288 -46.92 1.386 1.094 24.915 4.025 7.765 1.435 0.989 1.477 0.737
2 49400 -1862.673 -0.217 -50.831 1.571 1.124 21.208 9.098 10.654 1.78 0.994 1.393 0.681
2 49450 -1856.962 -0.291 -48.16 1.46 1.04 29.469 12.201 11.13 1.519 0.995 1.139 0.547
2 49500 -1903.535 -0.262 -57.376 1.87 1.3 29.092 9.142 9.369 1.269 0.994 1.739 0.925
2 49550 -1926.516 -0.21 -38.644 0.975 0.921 40.119 15.293 12.017 1.248 0.992 1.594 0.93
2 49600 -1889.37 -0.212 -45.565 1.295 1.046 21.98 8.643 10.619 1.13 0.989 1.376 0.999
2 49650 -1861.905 -0.246 -46.033 1.361 0.989 25.541 8.366 8.723 1.27 0.99 1.605 0.869
2 49700 -1886.848 -0.26 -47.472 1.418 1.072 21.784 6.556 9.255 1.628 0.992 1.285 0.658
2 49750 -1837.691 -0.363 -46.673 1.382 1.053 24.638 7.194 8.604 1.609 0.991 1.398 0.625
2 49800 -1873.319 -0.352 -36.957 1.155 0.64 22.583 5.015 6.842 1.692 0.991 0.988 0.384
2 49850 -1904.219 -0.268 -41.589 1.33 0.813 17.801 3.94 7.008 1.411 0.988 1.067 0.296
2 49900 -1868.654 -0.222 -44.612 1.245 1.083 31.989 9.066 8.098 1.444 0.988 1.723 0.325
2 49950 -1856.603 -0.264 -54.853 1.575 1.327 16.354 5.967 7.141 1.399 0.989 1.608 0.465
2 50000 -1848.7 -0.231 -51.424 1.5 1.251 21.949 6.199 8.571 1.825 0.993 1.445 0.453
2 50050 -1841.188 -0.218 -45.674 1.342 1.022 24.743 7.73 8.35 1.496 0.989 2.18 0.561
2 50100 -1889.828 -0.31 -61.63 1.896 1.528 24.087 8.827 9.49 1.48 0.986 1.349 0.37
2 50150 -1902.142 -0.267 -47.45 1.259 1.071 16.261 6.432 9.098 1.275 0.988 2.124 0.36
2 50200 -1864.044 -0.211 -52.298 1.501 1.203 23.959 8.738 8.324 1.44 0.99 2.403 0.401
2 50250 -1838.401 -0.254 -50.175 1.492 1.147 26.364 10.354 11.263 1.467 0.991 2.004 0.755
2 50300 -1861.671 -0.269 -50.568 1.506 1.093 20.039 5.885 8.297 1.373 0.987 1.705 0.557
2 50350 -1847.789 -0.259 -55.953 1.75 1.288 19.671 8.38 9.317 1.517 0.986 1.844 0.677
2 50400 -1844.72 -0.251 -54.127 1.609 1.239 19.778 5.338 9.212 1.535 0.99 1.847 0.679
2 50450 -1849.872 -0.247 -52.321 1.542 1.17 24.465 8.425 8.409 1.525 0.99 2.106 0.853
2 50500 -1841.393 -0.236 -40.688 1.131 0.881 21.253 7.843 10.677 1.387 0.988 1.66 0.624
2 50550 -1839.995 -0.293 -45.369 1.361 1.038 22.487 9.331 8.437 1.629 0.988 1.81 1.057
2 50600 -1823.586 -0.283 -43.929 1.319 0.89 22.083 7.417 8.321 1.624 0.987 1.862 0.884
2 50650 -1849.347 -0.242 -38.461 1.032 0.846 19.256 6.244 9.4 1.518 0.986 2.227 1.072
2 50700 -1859.771 -0.187 -37.467 0.928 0.883 19.973 7.235 8.421 1.504 0.985 1.561 0.514
2 50750 -1831.924 -0.206 -43.357 1.28 0.852 18.275 6.912 11.289 1.287 0.981 1.811 0.772
2 50800 -1836.389 -0.216 -41.791 1.292 0.795 22.312 8.127 10.121 1.289 0.982 2.012 1.035
2 50850 -1843.763 -0.186 -41.997 1.267 0.788 23.702 11.005 11.597 1.563 0.985 2.045 0.686
